{
 "cells": [
  {
   "cell_type": "code",
   "execution_count": 2,
   "metadata": {},
   "outputs": [
    {
     "ename": "FileNotFoundError",
     "evalue": "[Errno 2] No such file or directory: '/Users/zhenqihe/Desktop/横乐/hanglok-robotics/nerf/processed_07_06_18_40/transforms.json'",
     "output_type": "error",
     "traceback": [
      "\u001b[1;31m---------------------------------------------------------------------------\u001b[0m",
      "\u001b[1;31mFileNotFoundError\u001b[0m                         Traceback (most recent call last)",
      "Cell \u001b[1;32mIn[2], line 4\u001b[0m\n\u001b[0;32m      2\u001b[0m \u001b[39mimport\u001b[39;00m \u001b[39mnumpy\u001b[39;00m \u001b[39mas\u001b[39;00m \u001b[39mnp\u001b[39;00m\n\u001b[0;32m      3\u001b[0m cam_cal_data_path \u001b[39m=\u001b[39m \u001b[39m'\u001b[39m\u001b[39m/Users/zhenqihe/Desktop/横乐/hanglok-robotics/nerf/processed_07_06_18_40/transforms.json\u001b[39m\u001b[39m'\u001b[39m\n\u001b[1;32m----> 4\u001b[0m cali_data \u001b[39m=\u001b[39m json\u001b[39m.\u001b[39mload(\u001b[39mopen\u001b[39;49m(cam_cal_data_path))\n",
      "File \u001b[1;32mc:\\Users\\HP\\anaconda3\\envs\\nerfmm\\lib\\site-packages\\IPython\\core\\interactiveshell.py:284\u001b[0m, in \u001b[0;36m_modified_open\u001b[1;34m(file, *args, **kwargs)\u001b[0m\n\u001b[0;32m    277\u001b[0m \u001b[39mif\u001b[39;00m file \u001b[39min\u001b[39;00m {\u001b[39m0\u001b[39m, \u001b[39m1\u001b[39m, \u001b[39m2\u001b[39m}:\n\u001b[0;32m    278\u001b[0m     \u001b[39mraise\u001b[39;00m \u001b[39mValueError\u001b[39;00m(\n\u001b[0;32m    279\u001b[0m         \u001b[39mf\u001b[39m\u001b[39m\"\u001b[39m\u001b[39mIPython won\u001b[39m\u001b[39m'\u001b[39m\u001b[39mt let you open fd=\u001b[39m\u001b[39m{\u001b[39;00mfile\u001b[39m}\u001b[39;00m\u001b[39m by default \u001b[39m\u001b[39m\"\u001b[39m\n\u001b[0;32m    280\u001b[0m         \u001b[39m\"\u001b[39m\u001b[39mas it is likely to crash IPython. If you know what you are doing, \u001b[39m\u001b[39m\"\u001b[39m\n\u001b[0;32m    281\u001b[0m         \u001b[39m\"\u001b[39m\u001b[39myou can use builtins\u001b[39m\u001b[39m'\u001b[39m\u001b[39m open.\u001b[39m\u001b[39m\"\u001b[39m\n\u001b[0;32m    282\u001b[0m     )\n\u001b[1;32m--> 284\u001b[0m \u001b[39mreturn\u001b[39;00m io_open(file, \u001b[39m*\u001b[39;49margs, \u001b[39m*\u001b[39;49m\u001b[39m*\u001b[39;49mkwargs)\n",
      "\u001b[1;31mFileNotFoundError\u001b[0m: [Errno 2] No such file or directory: '/Users/zhenqihe/Desktop/横乐/hanglok-robotics/nerf/processed_07_06_18_40/transforms.json'"
     ]
    }
   ],
   "source": [
    "import json\n",
    "import numpy as np\n",
    "cam_cal_data_path = '/Users/zhenqihe/Desktop/横乐/hanglok-robotics/nerf/processed_07_06_18_40/transforms.json'\n",
    "cali_data = json.load(open(cam_cal_data_path))"
   ]
  },
  {
   "cell_type": "code",
   "execution_count": 3,
   "metadata": {},
   "outputs": [
    {
     "data": {
      "text/plain": [
       "17"
      ]
     },
     "execution_count": 3,
     "metadata": {},
     "output_type": "execute_result"
    }
   ],
   "source": [
    "len(cali_data)"
   ]
  },
  {
   "cell_type": "code",
   "execution_count": 5,
   "metadata": {},
   "outputs": [
    {
     "data": {
      "text/plain": [
       "43"
      ]
     },
     "execution_count": 5,
     "metadata": {},
     "output_type": "execute_result"
    }
   ],
   "source": [
    "len(cali_data['frames'])"
   ]
  },
  {
   "cell_type": "code",
   "execution_count": 10,
   "metadata": {},
   "outputs": [
    {
     "data": {
      "text/plain": [
       "[{'file_path': './images/0008.png',\n",
       "  'sharpness': 117.70375865190292,\n",
       "  'transform_matrix': [[-0.3421424110911639,\n",
       "    0.5523416917091037,\n",
       "    0.7601692089227651,\n",
       "    3.0282755085947013],\n",
       "   [0.7245255472621258,\n",
       "    0.670209851135902,\n",
       "    -0.16087724141378476,\n",
       "    -0.5391128977822237],\n",
       "   [-0.5983321000302065,\n",
       "    0.49571908483957594,\n",
       "    -0.6294928808659144,\n",
       "    -3.3491120532930183],\n",
       "   [0.0, 0.0, 0.0, 1.0]]},\n",
       " {'file_path': './images/0034.png',\n",
       "  'sharpness': 75.9552212793986,\n",
       "  'transform_matrix': [[0.09193076443541914,\n",
       "    -0.033322754097700844,\n",
       "    0.9952076811757814,\n",
       "    3.9105697764494773],\n",
       "   [0.9947403457739697,\n",
       "    0.048410487093476375,\n",
       "    -0.09026665624058085,\n",
       "    0.1925683179538311],\n",
       "   [-0.04517055501576214,\n",
       "    0.9982715156009334,\n",
       "    0.03759790101848211,\n",
       "    0.12208108275302056],\n",
       "   [0.0, 0.0, 0.0, 1.0]]},\n",
       " {'file_path': './images/0028.png',\n",
       "  'sharpness': 131.4243494747009,\n",
       "  'transform_matrix': [[-0.43421290741922025,\n",
       "    -0.5508940331611977,\n",
       "    0.7127235897032939,\n",
       "    4.452502128831513],\n",
       "   [0.5070740551952565,\n",
       "    -0.8034215211843366,\n",
       "    -0.3120733276742571,\n",
       "    -2.2779722833285754],\n",
       "   [0.7445368047478886,\n",
       "    0.22589737392673928,\n",
       "    0.6282000659745423,\n",
       "    3.813967564423635],\n",
       "   [0.0, 0.0, 0.0, 1.0]]},\n",
       " {'file_path': './images/0044.png',\n",
       "  'sharpness': 72.98274939951956,\n",
       "  'transform_matrix': [[-0.05572782545737839,\n",
       "    0.32622571990829974,\n",
       "    0.9436478099384936,\n",
       "    3.2751656609446607],\n",
       "   [0.9588590571639506,\n",
       "    0.28097734984080286,\n",
       "    -0.040509719464580866,\n",
       "    0.29190545521391953],\n",
       "   [-0.2783589732152118,\n",
       "    0.9025677307568013,\n",
       "    -0.32846274292330835,\n",
       "    -0.977379367476259],\n",
       "   [0.0, 0.0, 0.0, 1.0]]},\n",
       " {'file_path': './images/0037.png',\n",
       "  'sharpness': 75.86398726754719,\n",
       "  'transform_matrix': [[0.11013813662730537,\n",
       "    -0.04401585127816939,\n",
       "    0.9929411844405162,\n",
       "    3.8723234826348643],\n",
       "   [0.9938456427096273,\n",
       "    0.016788276365358457,\n",
       "    -0.10949425667024004,\n",
       "    0.2705020694437076],\n",
       "   [-0.011850288101522784,\n",
       "    0.9988897630241955,\n",
       "    0.04559399147902836,\n",
       "    0.32724926181666136],\n",
       "   [0.0, 0.0, 0.0, 1.0]]},\n",
       " {'file_path': './images/0026.png',\n",
       "  'sharpness': 127.84805714878036,\n",
       "  'transform_matrix': [[-0.5075329505602645,\n",
       "    -0.5685908931362949,\n",
       "    0.6473906860618822,\n",
       "    2.4967692742347523],\n",
       "   [0.7251381634099645,\n",
       "    -0.6876877847523551,\n",
       "    -0.0354986572819583,\n",
       "    -0.02479153372274675],\n",
       "   [0.4653868800162911,\n",
       "    0.45143095482839024,\n",
       "    0.7613311664400992,\n",
       "    2.868817012197416],\n",
       "   [0.0, 0.0, 0.0, 1.0]]},\n",
       " {'file_path': './images/0039.png',\n",
       "  'sharpness': 86.68288834025068,\n",
       "  'transform_matrix': [[-0.007314558706065305,\n",
       "    0.20849271962539206,\n",
       "    0.977996566024521,\n",
       "    4.188619655194757],\n",
       "   [0.9838541125344396,\n",
       "    0.17639790038157685,\n",
       "    -0.030246751727118857,\n",
       "    -0.3082998623053835],\n",
       "   [-0.17882276835453878,\n",
       "    0.9619847018866086,\n",
       "    -0.2064166924348994,\n",
       "    -0.4635085540240898],\n",
       "   [0.0, 0.0, 0.0, 1.0]]},\n",
       " {'file_path': './images/0036.png',\n",
       "  'sharpness': 94.69190536717541,\n",
       "  'transform_matrix': [[-0.16141440447640587,\n",
       "    -0.06659168698580593,\n",
       "    0.9846374649146374,\n",
       "    3.1612330672064277],\n",
       "   [0.986868047891112,\n",
       "    -0.017028212631810348,\n",
       "    0.16062844090058265,\n",
       "    0.3169543571412245],\n",
       "   [0.006070097260343554,\n",
       "    0.9976349970107026,\n",
       "    0.06846580694271955,\n",
       "    0.3733039530599217],\n",
       "   [0.0, 0.0, 0.0, 1.0]]},\n",
       " {'file_path': './images/0027.png',\n",
       "  'sharpness': 155.9084353093466,\n",
       "  'transform_matrix': [[-0.5934812953395437,\n",
       "    -0.39371683105236843,\n",
       "    0.7019736527034262,\n",
       "    3.717727915478205],\n",
       "   [0.6181654937821476,\n",
       "    -0.7815148615692459,\n",
       "    0.08429675820265063,\n",
       "    -1.3526659360971627],\n",
       "   [0.5154137895102406,\n",
       "    0.4839644388965046,\n",
       "    0.70719661164905,\n",
       "    3.1324640102905073],\n",
       "   [0.0, 0.0, 0.0, 1.0]]},\n",
       " {'file_path': './images/0029.png',\n",
       "  'sharpness': 124.32195687510178,\n",
       "  'transform_matrix': [[-0.31684163163920986,\n",
       "    -0.5985283165838728,\n",
       "    0.7357820565691247,\n",
       "    3.7730266946203366],\n",
       "   [0.7489492214248549,\n",
       "    -0.633863885079273,\n",
       "    -0.19311043192772756,\n",
       "    -0.9401678627167368],\n",
       "   [0.5819677346850102,\n",
       "    0.48987797406729067,\n",
       "    0.6491017842919063,\n",
       "    2.862356341628244],\n",
       "   [0.0, 0.0, 0.0, 1.0]]},\n",
       " {'file_path': './images/0018.png',\n",
       "  'sharpness': 106.63557164603222,\n",
       "  'transform_matrix': [[-0.1671318746069554,\n",
       "    -0.15043720576247838,\n",
       "    0.9743898519968046,\n",
       "    3.2254287734769616],\n",
       "   [0.9823913807162644,\n",
       "    -0.1091206078210276,\n",
       "    0.15165707383159302,\n",
       "    0.47522352365873693],\n",
       "   [0.08351114648319372,\n",
       "    0.982578923105937,\n",
       "    0.16602574602347664,\n",
       "    0.7481511421974908],\n",
       "   [0.0, 0.0, 0.0, 1.0]]},\n",
       " {'file_path': './images/0024.png',\n",
       "  'sharpness': 111.89454738427504,\n",
       "  'transform_matrix': [[-0.395526093396208,\n",
       "    -0.5334220067917632,\n",
       "    0.7476764488564517,\n",
       "    2.813415013696791],\n",
       "   [0.8158769109753135,\n",
       "    -0.5779032464433451,\n",
       "    0.019305540334903983,\n",
       "    0.11649198623553732],\n",
       "   [0.4217866470157314,\n",
       "    0.6176477964515613,\n",
       "    0.6637825125742387,\n",
       "    2.4543477361846318],\n",
       "   [0.0, 0.0, 0.0, 1.0]]},\n",
       " {'file_path': './images/0025.png',\n",
       "  'sharpness': 125.19329528172696,\n",
       "  'transform_matrix': [[-0.5148570678958185,\n",
       "    -0.5636942238985744,\n",
       "    0.6458877779016386,\n",
       "    2.5200081584182334],\n",
       "   [0.7468627150133753,\n",
       "    -0.6648058289978449,\n",
       "    0.015142478441055401,\n",
       "    0.07299699035044471],\n",
       "   [0.4208542319947432,\n",
       "    0.4901857114484114,\n",
       "    0.7632821783361261,\n",
       "    2.497589694917605],\n",
       "   [0.0, 0.0, 0.0, 1.0]]},\n",
       " {'file_path': './images/0033.png',\n",
       "  'sharpness': 80.47267612349425,\n",
       "  'transform_matrix': [[-0.002193380065674736,\n",
       "    -0.11974255659469955,\n",
       "    0.9928025530213271,\n",
       "    3.505783888892093],\n",
       "   [0.9973307066656195,\n",
       "    -0.07272089854618184,\n",
       "    -0.0065675304713376246,\n",
       "    0.21729021228134524],\n",
       "   [0.07298390662380583,\n",
       "    0.9901380666937748,\n",
       "    0.11958243315576882,\n",
       "    0.7218201971280571],\n",
       "   [0.0, 0.0, 0.0, 1.0]]},\n",
       " {'file_path': './images/0046.png',\n",
       "  'sharpness': 120.34101328305371,\n",
       "  'transform_matrix': [[-0.3911350003263047,\n",
       "    0.573715237786322,\n",
       "    0.7196278465381517,\n",
       "    3.302706930769196],\n",
       "   [0.6991804638840338,\n",
       "    0.6936939653804972,\n",
       "    -0.17301838433411915,\n",
       "    -0.9931313699896501],\n",
       "   [-0.5984647779729327,\n",
       "    0.43547618575343083,\n",
       "    -0.6724584754682357,\n",
       "    -3.1447847931168065],\n",
       "   [0.0, 0.0, 0.0, 1.0]]},\n",
       " {'file_path': './images/0004.png',\n",
       "  'sharpness': 85.83450322595169,\n",
       "  'transform_matrix': [[-0.050664832374124884,\n",
       "    0.39448089210310117,\n",
       "    0.9175063490721225,\n",
       "    3.687055682661058],\n",
       "   [0.9142431502546874,\n",
       "    0.3880930219501059,\n",
       "    -0.11637554951973281,\n",
       "    0.10610743262519305],\n",
       "   [-0.4019857422633416,\n",
       "    0.8329277472455101,\n",
       "    -0.38031412141428844,\n",
       "    -1.775671990683361],\n",
       "   [0.0, 0.0, 0.0, 1.0]]},\n",
       " {'file_path': './images/0050.png',\n",
       "  'sharpness': 100.2266404309261,\n",
       "  'transform_matrix': [[-0.12429151133280965,\n",
       "    0.43636851027005563,\n",
       "    0.8911420445231558,\n",
       "    3.7681420703394863],\n",
       "   [0.8307238290872142,\n",
       "    0.5369125486284279,\n",
       "    -0.14704704999422114,\n",
       "    -0.6344973965318571],\n",
       "   [-0.5426320484604603,\n",
       "    0.7220162314060717,\n",
       "    -0.42923539186720205,\n",
       "    -2.546271676316444],\n",
       "   [0.0, 0.0, 0.0, 1.0]]},\n",
       " {'file_path': './images/0003.png',\n",
       "  'sharpness': 89.6798339758685,\n",
       "  'transform_matrix': [[-0.020843394036036047,\n",
       "    0.18716796102934696,\n",
       "    0.9821067698324797,\n",
       "    3.552773732978695],\n",
       "   [0.9499625328878388,\n",
       "    0.3099315900817533,\n",
       "    -0.0389049557089825,\n",
       "    0.2595338925623108],\n",
       "   [-0.3116676740382222,\n",
       "    0.9321537233145594,\n",
       "    -0.18426257659118012,\n",
       "    -1.3792359301805361],\n",
       "   [0.0, 0.0, 0.0, 1.0]]},\n",
       " {'file_path': './images/0035.png',\n",
       "  'sharpness': 96.5767367595143,\n",
       "  'transform_matrix': [[0.08125412743074724,\n",
       "    -0.03368844231934109,\n",
       "    0.996123915831347,\n",
       "    4.684613404438174],\n",
       "   [0.9958063721225183,\n",
       "    0.04490021841926866,\n",
       "    -0.07970972102629909,\n",
       "    -0.6371530270242122],\n",
       "   [-0.04204088505439944,\n",
       "    0.9984232866382309,\n",
       "    0.037195493597589294,\n",
       "    0.03534617702203819],\n",
       "   [0.0, 0.0, 0.0, 1.0]]},\n",
       " {'file_path': './images/0017.png',\n",
       "  'sharpness': 84.35284927330021,\n",
       "  'transform_matrix': [[-0.11420839154641356,\n",
       "    0.07443976000019045,\n",
       "    0.9906640023202152,\n",
       "    3.0021417869979565],\n",
       "   [0.9913624498661545,\n",
       "    0.07325610733307605,\n",
       "    0.10878435426926648,\n",
       "    0.7633641893135394],\n",
       "   [-0.06447430726140446,\n",
       "    0.9945311784608863,\n",
       "    -0.0821632450306996,\n",
       "    0.08733347103093592],\n",
       "   [0.0, 0.0, 0.0, 1.0]]},\n",
       " {'file_path': './images/0032.png',\n",
       "  'sharpness': 73.20607411698236,\n",
       "  'transform_matrix': [[-0.04283294705679616,\n",
       "    -0.062358076487071944,\n",
       "    0.9971342983795483,\n",
       "    3.2334824000463116],\n",
       "   [0.9963563965456651,\n",
       "    -0.07634136401765748,\n",
       "    0.03802534947190865,\n",
       "    0.3906739663720781],\n",
       "   [0.07375140479626768,\n",
       "    0.9951298741862834,\n",
       "    0.06540079398738984,\n",
       "    0.8379418337843719],\n",
       "   [0.0, 0.0, 0.0, 1.0]]},\n",
       " {'file_path': './images/0006.png',\n",
       "  'sharpness': 97.05315863629451,\n",
       "  'transform_matrix': [[-0.09680180484958277,\n",
       "    0.49047717525967816,\n",
       "    0.8660609396507628,\n",
       "    3.4812285672418852],\n",
       "   [0.8880032523465697,\n",
       "    0.43556578092528925,\n",
       "    -0.1474200607409224,\n",
       "    0.15895857415075018],\n",
       "   [-0.44953268447669226,\n",
       "    0.7547944031894472,\n",
       "    -0.47770888055663874,\n",
       "    -2.0871640884206224],\n",
       "   [0.0, 0.0, 0.0, 1.0]]},\n",
       " {'file_path': './images/0038.png',\n",
       "  'sharpness': 111.07215369550808,\n",
       "  'transform_matrix': [[-0.15234187214032996,\n",
       "    -0.26442954669542634,\n",
       "    0.9522966811287557,\n",
       "    4.041902844017249],\n",
       "   [0.9718305949180749,\n",
       "    -0.21539515348402152,\n",
       "    0.0956567960825339,\n",
       "    -0.4919111735095431],\n",
       "   [0.17982560656761137,\n",
       "    0.940043585558026,\n",
       "    0.28979442461064253,\n",
       "    0.9261655117150168],\n",
       "   [0.0, 0.0, 0.0, 1.0]]},\n",
       " {'file_path': './images/0001.png',\n",
       "  'sharpness': 80.91542084225784,\n",
       "  'transform_matrix': [[-0.03727989238667107,\n",
       "    0.2768761158442788,\n",
       "    0.960182183838169,\n",
       "    3.376695231639908],\n",
       "   [0.9719400993818766,\n",
       "    0.23336427409621804,\n",
       "    -0.029556027965426557,\n",
       "    0.5648846266855182],\n",
       "   [-0.2322555765543679,\n",
       "    0.9321377216424489,\n",
       "    -0.27780679457535684,\n",
       "    -0.7778057197130355],\n",
       "   [0.0, 0.0, 0.0, 1.0]]},\n",
       " {'file_path': './images/0043.png',\n",
       "  'sharpness': 71.91763053043393,\n",
       "  'transform_matrix': [[-0.06502483918074056,\n",
       "    0.15314756798179194,\n",
       "    0.9860616576930641,\n",
       "    3.277400957636545],\n",
       "   [0.979854272042165,\n",
       "    0.19678945540770507,\n",
       "    0.03405166370469732,\n",
       "    0.29940859203438347],\n",
       "   [-0.1888316071337287,\n",
       "    0.9684109317437622,\n",
       "    -0.16285850143017824,\n",
       "    -0.5929195268623559],\n",
       "   [0.0, 0.0, 0.0, 1.0]]},\n",
       " {'file_path': './images/0019.png',\n",
       "  'sharpness': 106.28441944927516,\n",
       "  'transform_matrix': [[-0.16597737719368869,\n",
       "    -0.15267284141845797,\n",
       "    0.9742394540433735,\n",
       "    3.2291495503565195],\n",
       "   [0.9824200060165666,\n",
       "    -0.11121144088658287,\n",
       "    0.1499431465400775,\n",
       "    0.47832746420766514],\n",
       "   [0.08545432721922354,\n",
       "    0.9819995004937586,\n",
       "    0.16844743705717383,\n",
       "    0.7638467660534255],\n",
       "   [0.0, 0.0, 0.0, 1.0]]},\n",
       " {'file_path': './images/0049.png',\n",
       "  'sharpness': 101.07952984288417,\n",
       "  'transform_matrix': [[-0.1378139239737155,\n",
       "    0.41073933631283877,\n",
       "    0.9012771604927464,\n",
       "    4.292494423428908],\n",
       "   [0.830089011552046,\n",
       "    0.5443153204810065,\n",
       "    -0.12113242666687843,\n",
       "    -1.1156079846809368],\n",
       "   [-0.5403328189909381,\n",
       "    0.7314465322484375,\n",
       "    -0.4159644398799658,\n",
       "    -2.3568581519168363],\n",
       "   [0.0, 0.0, 0.0, 1.0]]},\n",
       " {'file_path': './images/0005.png',\n",
       "  'sharpness': 96.94610349542008,\n",
       "  'transform_matrix': [[-0.0972188754706261,\n",
       "    0.49054960417696153,\n",
       "    0.8659731959799133,\n",
       "    3.4783000852695802],\n",
       "   [0.8878804889663515,\n",
       "    0.4358786162439763,\n",
       "    -0.1472347418719814,\n",
       "    0.15924817429313212],\n",
       "   [-0.44968514271449594,\n",
       "    0.7545667086433976,\n",
       "    -0.4779250513318227,\n",
       "    -2.0873046152178376],\n",
       "   [0.0, 0.0, 0.0, 1.0]]},\n",
       " {'file_path': './images/0030.png',\n",
       "  'sharpness': 110.14641703732336,\n",
       "  'transform_matrix': [[-0.3508801447961174,\n",
       "    -0.43769696479663844,\n",
       "    0.8278311971998144,\n",
       "    3.2123349231446507],\n",
       "   [0.8606220537232676,\n",
       "    -0.4991559640549312,\n",
       "    0.10086131167864636,\n",
       "    -0.3469211849341612],\n",
       "   [0.36907018932586994,\n",
       "    0.7478400167164257,\n",
       "    0.5518355776951636,\n",
       "    1.968261502883339],\n",
       "   [0.0, 0.0, 0.0, 1.0]]},\n",
       " {'file_path': './images/0023.png',\n",
       "  'sharpness': 109.08025708002046,\n",
       "  'transform_matrix': [[-0.36357171909087593,\n",
       "    -0.527375256521645,\n",
       "    0.7679133700800151,\n",
       "    2.8742422318472536],\n",
       "   [0.8286860319948997,\n",
       "    -0.559656659484446,\n",
       "    0.007992738658261257,\n",
       "    0.1259873656434127],\n",
       "   [0.4255526588722134,\n",
       "    0.6392650173016667,\n",
       "    0.6405038424886312,\n",
       "    2.4814647688588085],\n",
       "   [0.0, 0.0, 0.0, 1.0]]},\n",
       " {'file_path': './images/0040.png',\n",
       "  'sharpness': 117.85063104903138,\n",
       "  'transform_matrix': [[-0.05828347076269883,\n",
       "    -0.14564027358308596,\n",
       "    0.987619333451968,\n",
       "    4.197265713566994],\n",
       "   [0.9923497784694755,\n",
       "    -0.11630565105591871,\n",
       "    0.04141150448899254,\n",
       "    -0.44049647924332186],\n",
       "   [0.10883452672927953,\n",
       "    0.9824774329743553,\n",
       "    0.15130479023926335,\n",
       "    0.7274878342152348],\n",
       "   [0.0, 0.0, 0.0, 1.0]]},\n",
       " {'file_path': './images/0021.png',\n",
       "  'sharpness': 106.21008540089808,\n",
       "  'transform_matrix': [[-0.1658944960734985,\n",
       "    -0.15348145531767862,\n",
       "    0.9741265108330126,\n",
       "    3.2305650778700907],\n",
       "   [0.9823768582035107,\n",
       "    -0.11197555073599312,\n",
       "    0.14965688926197257,\n",
       "    0.47865583766586534],\n",
       "   [0.08610879537481375,\n",
       "    0.9817865954329255,\n",
       "    0.1693527574293836,\n",
       "    0.7676628873733297],\n",
       "   [0.0, 0.0, 0.0, 1.0]]},\n",
       " {'file_path': './images/0045.png',\n",
       "  'sharpness': 105.67343963923979,\n",
       "  'transform_matrix': [[-0.2703975523652676,\n",
       "    0.5511275476932642,\n",
       "    0.789394445071723,\n",
       "    3.3284476610980556],\n",
       "   [0.7980432667933395,\n",
       "    0.5869529977107332,\n",
       "    -0.13642991902144871,\n",
       "    -0.524247623785819],\n",
       "   [-0.53852772261333,\n",
       "    0.5930806055607618,\n",
       "    -0.5985342825153734,\n",
       "    -2.6000554613661953],\n",
       "   [0.0, 0.0, 0.0, 1.0]]},\n",
       " {'file_path': './images/0022.png',\n",
       "  'sharpness': 106.86139361798206,\n",
       "  'transform_matrix': [[-0.16586723020053673,\n",
       "    -0.15322965729713697,\n",
       "    0.974170793101403,\n",
       "    3.2315186324509457],\n",
       "   [0.9823363878656299,\n",
       "    -0.11244453997797392,\n",
       "    0.14957087451856577,\n",
       "    0.4793158326676698],\n",
       "   [0.08662149284615236,\n",
       "    0.9817723247344946,\n",
       "    0.169173932460478,\n",
       "    0.7678419049204886],\n",
       "   [0.0, 0.0, 0.0, 1.0]]},\n",
       " {'file_path': './images/0048.png',\n",
       "  'sharpness': 105.28228073638162,\n",
       "  'transform_matrix': [[-0.3703493490379728,\n",
       "    -0.5534435415191103,\n",
       "    0.7460171620542967,\n",
       "    3.088595973501872],\n",
       "   [0.7146891876641125,\n",
       "    -0.6827849659025209,\n",
       "    -0.15173679637287918,\n",
       "    -0.679735396702924],\n",
       "   [0.5933470525193089,\n",
       "    0.4769747757702687,\n",
       "    0.6484090827611555,\n",
       "    3.483596917108296],\n",
       "   [0.0, 0.0, 0.0, 1.0]]},\n",
       " {'file_path': './images/0020.png',\n",
       "  'sharpness': 106.50413714081446,\n",
       "  'transform_matrix': [[-0.16573585739564758,\n",
       "    -0.15349003542154918,\n",
       "    0.9741521619650767,\n",
       "    3.228816891862435],\n",
       "   [0.9824491063662603,\n",
       "    -0.11142926156929256,\n",
       "    0.149590350846098,\n",
       "    0.4775702008778144],\n",
       "   [0.08558842781380885,\n",
       "    0.9818474060429441,\n",
       "    0.16926397234117713,\n",
       "    0.7671974229181171],\n",
       "   [0.0, 0.0, 0.0, 1.0]]},\n",
       " {'file_path': './images/0042.png',\n",
       "  'sharpness': 93.8073264136126,\n",
       "  'transform_matrix': [[-0.28820372390729987,\n",
       "    -0.3763688174286637,\n",
       "    0.8805027693624399,\n",
       "    2.926036023890995],\n",
       "   [0.9234098611987072,\n",
       "    -0.3526454239344939,\n",
       "    0.151510505309189,\n",
       "    -0.06701167803588473],\n",
       "   [0.25348144266607475,\n",
       "    0.8567308318832327,\n",
       "    0.44917640185811336,\n",
       "    1.3851030698737188],\n",
       "   [0.0, 0.0, 0.0, 1.0]]},\n",
       " {'file_path': './images/0007.png',\n",
       "  'sharpness': 97.38405919237373,\n",
       "  'transform_matrix': [[-0.0975252116685512,\n",
       "    0.49070269419762996,\n",
       "    0.8658520075958729,\n",
       "    3.476827642984899],\n",
       "   [0.8878611749855863,\n",
       "    0.4359723547792394,\n",
       "    -0.14707358641666138,\n",
       "    0.1602807323233204],\n",
       "   [-0.4496569437418682,\n",
       "    0.7544129981815627,\n",
       "    -0.4781941668203828,\n",
       "    -2.088972450793079],\n",
       "   [0.0, 0.0, 0.0, 1.0]]},\n",
       " {'file_path': './images/0041.png',\n",
       "  'sharpness': 112.9691195249193,\n",
       "  'transform_matrix': [[-0.15030794864668426,\n",
       "    -0.31024724265807085,\n",
       "    0.938698124563111,\n",
       "    4.181773135278295],\n",
       "   [0.9409821782908165,\n",
       "    -0.3361340007008005,\n",
       "    0.039578702757216866,\n",
       "    -0.6672719203989437],\n",
       "   [0.303249172661327,\n",
       "    0.8892471996304347,\n",
       "    0.34246073832085144,\n",
       "    1.507530010122557],\n",
       "   [0.0, 0.0, 0.0, 1.0]]},\n",
       " {'file_path': './images/0031.png',\n",
       "  'sharpness': 85.49395394211761,\n",
       "  'transform_matrix': [[-0.15240310006663546,\n",
       "    -0.24320127546339163,\n",
       "    0.9579281991697869,\n",
       "    2.7299956984075755],\n",
       "   [0.9736531144181848,\n",
       "    -0.2032993911663654,\n",
       "    0.10329070788388599,\n",
       "    0.3280159534749594],\n",
       "   [0.16962578777143283,\n",
       "    0.9484315986002477,\n",
       "    0.2677771367408197,\n",
       "    1.1905463134075052],\n",
       "   [0.0, 0.0, 0.0, 1.0]]},\n",
       " {'file_path': './images/0047.png',\n",
       "  'sharpness': 130.75152383353964,\n",
       "  'transform_matrix': [[-0.4924162889887624,\n",
       "    0.6273076254058122,\n",
       "    0.6033335242698427,\n",
       "    3.1939808095131386],\n",
       "   [0.636549906682503,\n",
       "    0.7323196102181649,\n",
       "    -0.24189296143627553,\n",
       "    -1.1032183864186744],\n",
       "   [-0.5935742705658128,\n",
       "    0.2649398641694414,\n",
       "    -0.759918715230618,\n",
       "    -3.375248880997795],\n",
       "   [0.0, 0.0, 0.0, 1.0]]},\n",
       " {'file_path': './images/0002.png',\n",
       "  'sharpness': 87.57880088143877,\n",
       "  'transform_matrix': [[-0.12679142400731683,\n",
       "    0.39360576824367194,\n",
       "    0.910493511270189,\n",
       "    3.516032632099462],\n",
       "   [0.9452963755322604,\n",
       "    0.3260794198310259,\n",
       "    -0.009326004944941091,\n",
       "    0.2915981698828027],\n",
       "   [-0.30056396525589474,\n",
       "    0.8595037587020826,\n",
       "    -0.4134181800891897,\n",
       "    -1.1396643239948538],\n",
       "   [0.0, 0.0, 0.0, 1.0]]},\n",
       " {'file_path': './images/0009.png',\n",
       "  'sharpness': 121.37786781446555,\n",
       "  'transform_matrix': [[-0.34171598951172033,\n",
       "    0.5525138566459403,\n",
       "    0.7602358981183848,\n",
       "    3.033522554559055],\n",
       "   [0.7245997329519919,\n",
       "    0.6700370676958962,\n",
       "    -0.16126237911982785,\n",
       "    -0.5398661576065538],\n",
       "   [-0.5984859309517945,\n",
       "    0.4957607953051532,\n",
       "    -0.629313772575158,\n",
       "    -3.3489396465822927],\n",
       "   [0.0, 0.0, 0.0, 1.0]]}]"
      ]
     },
     "execution_count": 10,
     "metadata": {},
     "output_type": "execute_result"
    }
   ],
   "source": [
    "frames"
   ]
  },
  {
   "cell_type": "code",
   "execution_count": 7,
   "metadata": {},
   "outputs": [],
   "source": [
    "frames = cali_data['frames']"
   ]
  },
  {
   "cell_type": "code",
   "execution_count": 19,
   "metadata": {},
   "outputs": [],
   "source": [
    "l = np.array(frames[0]['transform_matrix'])@np.array([[0],[0],[0],[1]])"
   ]
  },
  {
   "cell_type": "code",
   "execution_count": 22,
   "metadata": {},
   "outputs": [
    {
     "data": {
      "text/plain": [
       "array([-0.5391129])"
      ]
     },
     "execution_count": 22,
     "metadata": {},
     "output_type": "execute_result"
    }
   ],
   "source": [
    "l[1]"
   ]
  },
  {
   "cell_type": "code",
   "execution_count": 8,
   "metadata": {},
   "outputs": [],
   "source": [
    "file_names = [i['file_path'][-8:] for i in frames]"
   ]
  },
  {
   "cell_type": "code",
   "execution_count": 13,
   "metadata": {},
   "outputs": [
    {
     "data": {
      "text/plain": [
       "1"
      ]
     },
     "execution_count": 13,
     "metadata": {},
     "output_type": "execute_result"
    }
   ],
   "source": [
    "file_names.index('0034.png')"
   ]
  },
  {
   "cell_type": "code",
   "execution_count": 1,
   "metadata": {},
   "outputs": [],
   "source": [
    "import os\n",
    "import numpy as np\n",
    "import math\n",
    "import cv2\n",
    "import json\n",
    "from utils import *\n",
    "import argparse\n",
    "import glob\n",
    "import logging\n",
    "from datetime import datetime\n",
    "import random\n",
    "import glob\n",
    "import matplotlib.pyplot as plt\n",
    "\n",
    "# aruco_dict = aruco.getPredefinedDictionary(aruco.DICT_4X4_1000)\n",
    "# board = aruco.GridBoard_create(\n",
    "#     markersX=5,\n",
    "#     markersY=7,\n",
    "#     markerLength=0.04,\n",
    "#     markerSeparation=0.01,\n",
    "#     dictionary=aruco_dict)"
   ]
  },
  {
   "cell_type": "code",
   "execution_count": null,
   "metadata": {},
   "outputs": [],
   "source": []
  },
  {
   "cell_type": "code",
   "execution_count": 2,
   "metadata": {},
   "outputs": [],
   "source": [
    "calibration_data_path = '/Users/zhenqihe/Desktop/横乐/hanglok-robotics/calibration/saved_07_06_16_38'\n",
    "imgP = os.path.join(calibration_data_path,'1.png')"
   ]
  },
  {
   "cell_type": "code",
   "execution_count": 79,
   "metadata": {},
   "outputs": [
    {
     "data": {
      "text/plain": [
       "array([[1., 0., 0.],\n",
       "       [0., 0., 0.],\n",
       "       [0., 1., 0.],\n",
       "       [1., 1., 0.]], dtype=float32)"
      ]
     },
     "execution_count": 79,
     "metadata": {},
     "output_type": "execute_result"
    }
   ],
   "source": [
    "world_coor = np.zeros((4,3),dtype=np.float32)\n",
    "world_coor[1,:] = [0,0,0]\n",
    "world_coor[2,:] = [0,1,0]\n",
    "world_coor[3,:] = [1,1,0]\n",
    "world_coor[0,:] = [1,0,0]\n",
    "world_coor"
   ]
  },
  {
   "cell_type": "code",
   "execution_count": 80,
   "metadata": {},
   "outputs": [
    {
     "name": "stdout",
     "output_type": "stream",
     "text": [
      "(array([[[782., 453.],\n",
      "        [845., 645.],\n",
      "        [650., 700.],\n",
      "        [599., 499.]]], dtype=float32),)\n"
     ]
    }
   ],
   "source": [
    "def cal_camera_extrinsic(img_path,aruco_dict=aruco.getPredefinedDictionary(aruco.DICT_4X4_100),intr_matrix= np.array([[912.266, 0, 637.773],[0, 911.672, 375.817],[0,0,1]], dtype = \"double\")):\n",
    "    ## the distortion coefficients of our camera is zero\n",
    "    distCoeffs = np.zeros((5,1))\n",
    "\n",
    "    img = cv2.imread(img_path)\n",
    "\n",
    "    status = False\n",
    "    R_target2camera = None\n",
    "    rvec = None\n",
    "    T_target2camera = None\n",
    "    parameters =  aruco.DetectorParameters()\n",
    "    detector = aruco.ArucoDetector(aruco_dict, parameters)\n",
    "    markerCorners, markerIds, rejectedCandidates = detector.detectMarkers(img)\n",
    "\n",
    "    world_coor = np.zeros((4,3),dtype=np.float32)\n",
    "    world_coor[1,:] = [0,0,0]\n",
    "    world_coor[2,:] = [0,1,0]\n",
    "    world_coor[3,:] = [1,1,0]\n",
    "    world_coor[0,:] = [1,0,0]\n",
    "    \n",
    "\n",
    "    \n",
    "    # if successfully detected 4 corner points\n",
    "    if markerIds is not None:\n",
    "        if markerCorners[0][0].shape[0] == 4:\n",
    "            corners = np.zeros((4,2))\n",
    "            corners[0,:] = markerCorners[0][0][0]\n",
    "            corners[1,:] = markerCorners[0][0][1]\n",
    "            corners[2,:] = markerCorners[0][0][2]\n",
    "            corners[3,:] = markerCorners[0][0][3]\n",
    "            # markerCorners = markerCorners[0][0].transpose(3,0,1,2)\n",
    "            retval, rvec, T_target2camera = cv2.solvePnP(world_coor, markerCorners[0][0], intr_matrix, distCoeffs,flags=cv2.SOLVEPNP_IPPE_SQUARE)\n",
    "            print(markerCorners)\n",
    "            # retval, rvec, T_target2camera = cv2.solvePnP(world_coor, corners, intr_matrix, distCoeffs )\n",
    "            # print(corners)\n",
    "            # retval, mtx, dist, rvec, T_target2camera = cv2.calibrateCamera(objectPoints=[np.float32(world_coor)], imagePoints=[np.float32(corners)], imageSize=(1280,720),cameraMatrix=intr_matrix, distCoeffs=distCoeffs )\n",
    "            # print(mtx)\n",
    "            # print(dist)\n",
    "            # print(rvec[0][0])\n",
    "            if retval:\n",
    "                R_target2camera = angle2rotation(rvec[0][0],rvec[1][0],rvec[2][0])\n",
    "                # R_target2camera = angle2rotation(rvec[0][0],rvec[0][1],rvec[0][2])\n",
    "                # T_target2camera = T_target2camera[0]\n",
    "                status = True\n",
    "                # print(rvec)\n",
    "    return status,R_target2camera,T_target2camera\n",
    "calibration_data_path = r'C:\\Users\\HP\\Desktop\\hzq\\hanglok-robotics\\calibration\\saved_07_14_17_05'\n",
    "imgP = os.path.join(calibration_data_path,'2.png')\n",
    "status,R_target2camera,T_target2camera = cal_camera_extrinsic(imgP)"
   ]
  },
  {
   "cell_type": "code",
   "execution_count": 9,
   "metadata": {},
   "outputs": [
    {
     "data": {
      "text/plain": [
       "<matplotlib.image.AxesImage at 0x19a5720fac0>"
      ]
     },
     "execution_count": 9,
     "metadata": {},
     "output_type": "execute_result"
    },
    {
     "data": {
