{
  "camera_angle_x": 1.2235306391055296,
  "camera_angle_y": 0.7521676402860731,
  "fl_x": 912.266,
  "fl_y": 911.672,
  "k1": 0,
  "k2": 0,
  "k3": 0,
  "k4": 0,
  "p1": 0,
  "p2": 0,
  "is_fisheye": false,
  "cx": 637.773,
  "cy": 375.817,
  "w": 1280,
  "h": 720,
  "aabb_scale": 2,
  "frames": [
    {
      "file_path": "C://Users//HP//Desktop//hzq//hanglok-robotics//calibration//saved_07_19_14_52\\images\\0.png",
      "sharpness": 50,
      "transform_matrix": [
        [
          0.2578989699967343,
          -0.9634640731433418,
          0.07228486035584347,
          -0.2751508055947224
        ],
        [
          -0.9595947584662169,
          -0.2641402959988628,
          -0.09699383255545505,
          0.4984442984171807
        ],
        [
          0.11254341739429097,
          -0.044349563601842217,
          -0.9926565848316026,
          4.569785741085477
        ],
        [
          0.0,
          0.0,
          0.0,
          1.0
        ]
      ]
    },
    {
      "file_path": "C://Users//HP//Desktop//hzq//hanglok-robotics//calibration//saved_07_19_14_52\\images\\1.png",
      "sharpness": 50,
      "transform_matrix": [
        [
          0.2624334331439456,
          -0.96469885887723,
          0.022018284430273857,
          -0.04917368243205386
        ],
        [
          -0.9642559393191332,
          -0.26304171778990854,
          -0.03193020810941029,
          0.16653481976856885
        ],
        [
          0.03659476268618661,
          -0.012851707400356365,
          -0.999247545386446,
          5.20312703840654
        ],
        [
          0.0,
          0.0,
          0.0,
          1.0
        ]
      ]
    },
    {
      "file_path": "C://Users//HP//Desktop//hzq//hanglok-robotics//calibration//saved_07_19_14_52\\images\\2.png",
      "sharpness": 50,
      "transform_matrix": [
        [
          0.26161725742273634,
          -0.9648254240161646,
          0.02585172703386068,
          -0.652927340278643
        ],
        [
          -0.9561529178233235,
          -0.26273270548192257,
          -0.12939522096311754,
          0.6528298973270369
        ],
        [
          0.13163589311639157,
          0.009133818597781835,
          -0.9912560542066176,
          5.119914018620922
        ],
        [
          0.0,
          0.0,
          0.0,
          1.0
        ]
      ]
    },
    {
      "file_path": "C://Users//HP//Desktop//hzq//hanglok-robotics//calibration//saved_07_19_14_52\\images\\3.png",
      "sharpness": 50,
      "transform_matrix": [
        [
          0.261551448680643,
          -0.964635911184577,
          0.032686366365166565,
          -0.7014955572183841
        ],
        [
          -0.9607845779512532,
          -0.2634401825233077,
          -0.08655787083286205,
          0.6394289598292637
        ],
        [
          0.09210773292231797,
          -0.008765220201869548,
          -0.9957104681837606,
          5.147659875163436
        ],
        [
          0.0,
          0.0,
          0.0,
          1.0
        ]
      ]
    },
    {
      "file_path": "C://Users//HP//Desktop//hzq//hanglok-robotics//calibration//saved_07_19_14_52\\images\\4.png",
      "sharpness": 50,
      "transform_matrix": [
        [
          0.26412758691516147,
          -0.964438332125836,
          0.009763265678534012,
          -0.5632013461711116
        ],
        [
          -0.9628215701072289,
          -0.26425254490141775,
          -0.05608223113763149,
          0.1499215465075763
        ],
        [
          0.056667821262374206,
          0.005412581589220793,
          -0.9983784162299963,
          5.176591342160218
        ],
        [
          0.0,
          0.0,
          0.0,
          1.0
        ]
      ]
    }
  ]
}