{
  "camera_angle_x": 1.2235306391055296,
  "camera_angle_y": 0.7521676402860731,
  "fl_x": 912.266,
  "fl_y": 911.672,
  "k1": 0,
  "k2": 0,
  "k3": 0,
  "k4": 0,
  "p1": 0,
  "p2": 0,
  "is_fisheye": false,
  "cx": 637.773,
  "cy": 375.817,
  "w": 1280,
  "h": 720,
  "aabb_scale": 2,
  "frames": [
    {
      "file_path": "C:\\Users\\HP\\Desktop\\hzq\\hanglok-robotics\\calibration\\saved_07_06_16_38\\images\\0.png",
      "sharpness": 50,
      "transform_matrix": [
        [
          0.0014279558597728084,
          -0.9968951269700684,
          -0.07872780173098509,
          -0.24414872082559252
        ],
        [
          0.9952584723873208,
          -0.006239912131607425,
          0.09706511545269997,
          0.6933231293800547
        ],
        [
          -0.09725499515869969,
          -0.07849311638558237,
          0.9921594108795021,
          4.491684833321186
        ],
        [
          0.0,
          0.0,
          0.0,
          1.0
        ]
      ]
    },
    {
      "file_path": "C:\\Users\\HP\\Desktop\\hzq\\hanglok-robotics\\calibration\\saved_07_06_16_38\\images\\3.png",
      "sharpness": 50,
      "transform_matrix": [
        [
          0.2685751057801757,
          -0.9553275238704352,
          0.12335612952241184,
          1.2854581997472865
        ],
        [
          0.9632184308221997,
          0.26518094224507766,
          -0.043466336335512556,
          0.3313540268049123
        ],
        [
          0.008812892804665746,
          0.13049287339006457,
          0.9914100780780968,
          4.72140319392013
        ],
        [
          0.0,
          0.0,
          0.0,
          1.0
        ]
      ]
    },
    {
      "file_path": "C:\\Users\\HP\\Desktop\\hzq\\hanglok-robotics\\calibration\\saved_07_06_16_38\\images\\4.png",
      "sharpness": 50,
      "transform_matrix": [
        [
          0.36425024957917523,
          -0.8779389835811121,
          0.3107167468773974,
          1.6894982115597088
        ],
        [
          0.9309331736897268,
          0.35262111329546164,
          -0.0949830331282519,
          0.2762658721465918
        ],
        [
          -0.026175977641383505,
          0.3238541208118758,
          0.9457448528158559,
          4.910824539748286
        ],
        [
          0.0,
          0.0,
          0.0,
          1.0
        ]
      ]
    },
    {
      "file_path": "C:\\Users\\HP\\Desktop\\hzq\\hanglok-robotics\\calibration\\saved_07_06_16_38\\images\\6.png",
      "sharpness": 50,
      "transform_matrix": [
        [
          0.46691182976869544,
          -0.7848914389866521,
          0.4073558299908226,
          2.515814109746265
        ],
        [
          0.8832865430165076,
          0.43603523177746933,
          -0.17227350224197654,
          0.35649130721856626
        ],
        [
          -0.04240549667197662,
          0.4402484590026764,
          0.896874053698607,
          4.5392713375346005
        ],
        [
          0.0,
          0.0,
          0.0,
          1.0
        ]
      ]
    },
    {
      "file_path": "C:\\Users\\HP\\Desktop\\hzq\\hanglok-robotics\\calibration\\saved_07_06_16_38\\images\\8.png",
      "sharpness": 50,
      "transform_matrix": [
        [
          0.5933201535846475,
          -0.560490291502553,
          0.577773163518065,
          3.6068804637256537
        ],
        [
          0.7429996602979718,
          0.6574814717520302,
          -0.1251783491658304,
          -0.40388268711851466
        ],
        [
          -0.3097139004749191,
          0.5035561015757503,
          0.8065411039856832,
          4.279797223051732
        ],
        [
          0.0,
          0.0,
          0.0,
          1.0
        ]
      ]
    },
    {
      "file_path": "C:\\Users\\HP\\Desktop\\hzq\\hanglok-robotics\\calibration\\saved_07_06_16_38\\images\\9.png",
      "sharpness": 50,
      "transform_matrix": [
        [
          0.6217937839147354,
          -0.4591330899279832,
          0.6344834875851209,
          3.8355187718562953
        ],
        [
          0.7020639518421199,
          0.6858132517086643,
          -0.1917456422050162,
          -0.5749132695849968
        ],
        [
          -0.347100414590391,
          0.5646742330883986,
          0.7487752083751222,
          4.39933269196836
        ],
        [
          0.0,
          0.0,
          0.0,
          1.0
        ]
      ]
    },
    {
      "file_path": "C:\\Users\\HP\\Desktop\\hzq\\hanglok-robotics\\calibration\\saved_07_06_16_38\\images\\11.png",
      "sharpness": 50,
      "transform_matrix": [
        [
          0.5501278542006097,
          -0.009957080224487316,
          0.8350210779291957,
          4.868880557621864
        ],
        [
          0.4137736451048773,
          0.8718022811651326,
          -0.2622063179480887,
          -1.494920257854118
        ],
        [
          -0.7253624712164642,
          0.4897567142047919,
          0.48372269560365866,
          3.741865613374676
        ],
        [
          0.0,
          0.0,
          0.0,
          1.0
        ]
      ]
    },
    {
      "file_path": "C:\\Users\\HP\\Desktop\\hzq\\hanglok-robotics\\calibration\\saved_07_06_16_38\\images\\12.png",
      "sharpness": 50,
      "transform_matrix": [
        [
          0.5609469451866523,
          -0.5692966550420663,
          0.6010323146417977,
          3.3228450527509135
        ],
        [
          0.7961561980843199,
          0.5699518474712576,
          -0.20319990112207598,
          0.05956594094607878
        ],
        [
          -0.2268784541063423,
          0.5924999663476909,
          0.7729618082029031,
          4.2070472238775265
        ],
        [
          0.0,
          0.0,
          0.0,
          1.0
        ]
      ]
    },
    {
      "file_path": "C:\\Users\\HP\\Desktop\\hzq\\hanglok-robotics\\calibration\\saved_07_06_16_38\\images\\15.png",
      "sharpness": 50,
      "transform_matrix": [
        [
          0.11616709245386322,
          -0.9926520511222129,
          -0.0338690424086495,
          0.3547594388974847
        ],
        [
          0.9915610498580321,
          0.11392869125441792,
          0.06186224788586828,
          0.9905651811764604
        ],
        [
          -0.057549031575280116,
          -0.0407695807179682,
          0.9975098747645701,
          3.9217906932322246
        ],
        [
          0.0,
          0.0,
          0.0,
          1.0
        ]
      ]
    },
    {
      "file_path": "C:\\Users\\HP\\Desktop\\hzq\\hanglok-robotics\\calibration\\saved_07_06_16_38\\images\\17.png",
      "sharpness": 50,
      "transform_matrix": [
        [
          -0.012726983205012152,
          -0.9993501694134542,
          -0.0337233271163987,
          -0.4773443263260943
        ],
        [
          0.977409240893049,
          -0.019549232914843943,
          0.21044952675003736,
          0.9295804859724516
        ],
        [
          -0.21097203538709308,
          -0.03028310396477675,
          0.9770228932317224,
          4.0162854982763525
        ],
        [
          0.0,
          0.0,
          0.0,
          1.0
        ]
      ]
    },
    {
      "file_path": "C:\\Users\\HP\\Desktop\\hzq\\hanglok-robotics\\calibration\\saved_07_06_16_38\\images\\18.png",
      "sharpness": 50,
      "transform_matrix": [
        [
          -0.11927962782670691,
          -0.9652790327241392,
          -0.23239784716875697,
          -1.147847943093255
        ],
        [
          0.96905323668524,
          -0.16413624701498775,
          0.18437764746762483,
          0.7001607384655324
        ],
        [
          -0.21612078765214354,
          -0.2032133888280635,
          0.9549848814225445,
          4.174274084767444
        ],
        [
          0.0,
          0.0,
          0.0,
          1.0
        ]
      ]
    },
    {
      "file_path": "C:\\Users\\HP\\Desktop\\hzq\\hanglok-robotics\\calibration\\saved_07_06_16_38\\images\\19.png",
      "sharpness": 50,
      "transform_matrix": [
        [
          -0.2890407712545374,
          -0.8663629469108006,
          -0.40727223913816635,
          -2.0215485958876047
        ],
        [
          0.9458509319465342,
          -0.3240933551865304,
          0.018152456026970628,
          0.5307700173810741
        ],
        [
          -0.1477208417538141,
          -0.37997202705458666,
          0.9131263940811113,
          4.223921896884041
        ],
        [
          0.0,
          0.0,
          0.0,
          1.0
        ]
      ]
    },
    {
      "file_path": "C:\\Users\\HP\\Desktop\\hzq\\hanglok-robotics\\calibration\\saved_07_06_16_38\\images\\20.png",
      "sharpness": 50,
      "transform_matrix": [
        [
          -0.3672744414571075,
          -0.723021920817087,
          -0.5851057910073526,
          -2.254171966722604
        ],
        [
          0.9067401756778138,
          -0.41846303212066394,
          -0.05206673179821822,
          0.4072364652392305
        ],
        [
          -0.20719975498088036,
          -0.5496617075678008,
          0.8092837998931601,
          4.2358779803539575
        ],
        [
          0.0,
          0.0,
          0.0,
          1.0
        ]
      ]
    },
    {
      "file_path": "C:\\Users\\HP\\Desktop\\hzq\\hanglok-robotics\\calibration\\saved_07_06_16_38\\images\\21.png",
      "sharpness": 50,
      "transform_matrix": [
        [
          -0.4267493235165193,
          -0.6023106344367926,
          -0.6746161238234241,
          -2.647286542815202
        ],
        [
          0.8485486828306826,
          -0.5246874374017395,
          -0.06832441656617548,
          0.18327735122710243
        ],
        [
          -0.3128100825493104,
          -0.6016020218359835,
          0.7349999044750619,
          4.197460415802103
        ],
        [
          0.0,
          0.0,
          0.0,
          1.0
        ]
      ]
    },
    {
      "file_path": "C:\\Users\\HP\\Desktop\\hzq\\hanglok-robotics\\calibration\\saved_07_06_16_38\\images\\22.png",
      "sharpness": 50,
      "transform_matrix": [
        [
          -0.4785826641844289,
          -0.5921453311096735,
          -0.6483228673949032,
          -3.118258551512564
        ],
        [
          0.8312046061312371,
          -0.5434724905337014,
          -0.11720304936011908,
          0.21379040399022903
        ],
        [
          -0.2829444049426477,
          -0.5949803012521597,
          0.7522904391480328,
          3.930716304159243
        ],
        [
          0.0,
          0.0,
          0.0,
          1.0
        ]
      ]
    },
    {
      "file_path": "C:\\Users\\HP\\Desktop\\hzq\\hanglok-robotics\\calibration\\saved_07_06_16_38\\images\\23.png",
      "sharpness": 50,
      "transform_matrix": [
        [
          -0.4533955078316568,
          -0.5791584046556393,
          -0.6775013326885851,
          -3.09526917641269
        ],
        [
          0.7965218532784124,
          -0.6043875841480058,
          -0.016388574607345854,
          0.08116562455135089
        ],
        [
          -0.3999818129965379,
          -0.5470751232184408,
          0.7353389414600118,
          3.7367057687854706
        ],
        [
          0.0,
          0.0,
          0.0,
          1.0
        ]
      ]
    },
    {
      "file_path": "C:\\Users\\HP\\Desktop\\hzq\\hanglok-robotics\\calibration\\saved_07_06_16_38\\images\\24.png",
      "sharpness": 50,
      "transform_matrix": [
        [
          -0.44859372255761026,
          -0.5525076549745557,
          -0.7024948137007301,
          -3.0496089770186656
        ],
        [
          0.7828942202690087,
          -0.6220630596360225,
          -0.010685958340347603,
          0.05130407547116636
        ],
        [
          -0.4310919994053324,
          -0.5547727832462473,
          0.711608633321663,
          3.631368676044885
        ],
        [
          0.0,
          0.0,
          0.0,
          1.0
        ]
      ]
    },
    {
      "file_path": "C:\\Users\\HP\\Desktop\\hzq\\hanglok-robotics\\calibration\\saved_07_06_16_38\\images\\25.png",
      "sharpness": 50,
      "transform_matrix": [
        [
          -0.44066793068733817,
          -0.41930985447822855,
          -0.7937197369356428,
          -3.0724257731553113
        ],
        [
          0.7124711888426607,
          -0.7012523583060305,
          -0.025098506715654414,
          -0.02677516591665612
        ],
        [
          -0.5460737861616001,
          -0.5765625516001511,
          0.607765616137881,
          3.3044751129085674
        ],
        [
          0.0,
          0.0,
          0.0,
          1.0
        ]
      ]
    },
    {
      "file_path": "C:\\Users\\HP\\Desktop\\hzq\\hanglok-robotics\\calibration\\saved_07_06_16_38\\images\\26.png",
      "sharpness": 50,
      "transform_matrix": [
        [
          -0.4808487556616796,
          -0.38126659097668303,
          -0.7895696681000561,
          -3.5060899639630985
        ],
        [
          0.6867252395777508,
          -0.7236560062345795,
          -0.06877812128503538,
          -0.1338852857240599
        ],
        [
          -0.5451540328251228,
          -0.5752892935259936,
          0.6097944811564533,
          3.2611380599446353
        ],
        [
          0.0,
          0.0,
          0.0,
          1.0
        ]
      ]
    },
    {
      "file_path": "C:\\Users\\HP\\Desktop\\hzq\\hanglok-robotics\\calibration\\saved_07_06_16_38\\images\\29.png",
      "sharpness": 50,
      "transform_matrix": [
        [
          -0.6155013460975592,
          -0.4230866103203418,
          -0.6649479777544524,
          -3.5161907925500597
        ],
        [
          0.7054140318881928,
          -0.672008316077361,
          -0.22537938401307367,
          -1.1638666019332728
        ],
        [
          -0.35149557119163816,
          -0.6077849482263542,
          0.7120732547583513,
          4.824389180438686
        ],
        [
          0.0,
          0.0,
          0.0,
          1.0
        ]
      ]
    },
    {
      "file_path": "C:\\Users\\HP\\Desktop\\hzq\\hanglok-robotics\\calibration\\saved_07_06_16_38\\images\\31.png",
      "sharpness": 50,
      "transform_matrix": [
        [
          -0.21427281255847347,
          -0.9230569926241917,
          -0.31945727439810195,
          -1.5691019213807957
        ],
        [
          0.9583107067409182,
          -0.26195047875673094,
          0.11411632672339861,
          0.4302419710139599
        ],
        [
          -0.18901785932552315,
          -0.2816873001161082,
          0.9407042647980791,
          3.6184050053590573
        ],
        [
          0.0,
          0.0,
          0.0,
          1.0
        ]
      ]
    },
    {
      "file_path": "C:\\Users\\HP\\Desktop\\hzq\\hanglok-robotics\\calibration\\saved_07_06_16_38\\images\\33.png",
      "sharpness": 50,
      "transform_matrix": [
        [
          -0.12152448013357245,
          -0.9771381450922688,
          -0.17445012506130517,
          -1.0968744763761755
        ],
        [
          0.99173550320322,
          -0.12681451236889385,
          0.01946204354367784,
          0.4044308586398152
        ],
        [
          -0.04113991267031625,
          -0.17064326783755568,
          0.9844736577111645,
          4.538518532999872
        ],
        [
          0.0,
          0.0,
          0.0,
          1.0
        ]
      ]
    },
    {
      "file_path": "C:\\Users\\HP\\Desktop\\hzq\\hanglok-robotics\\calibration\\saved_07_06_16_38\\images\\34.png",
      "sharpness": 50,
      "transform_matrix": [
        [
          -0.007643866362824772,
          -0.9968822377670865,
          -0.07853263863842516,
          -0.3709603545944984
        ],
        [
          0.9976660200913715,
          -0.0022736760354292694,
          -0.06824472691958804,
          0.3872335089694112
        ],
        [
          0.06785339830893143,
          -0.07887099861021231,
          0.9945729143286366,
          5.065371353246603
        ],
        [
          0.0,
          0.0,
          0.0,
          1.0
        ]
      ]
    },
    {
      "file_path": "C:\\Users\\HP\\Desktop\\hzq\\hanglok-robotics\\calibration\\saved_07_06_16_38\\images\\35.png",
      "sharpness": 50,
      "transform_matrix": [
        [
          -0.015200913545457636,
          -0.996311329926631,
          -0.08445511285417422,
          -0.2963653379922089
        ],
        [
          0.997296138596587,
          -0.00903381377262821,
          -0.07293011825753865,
          -0.6091732981819973
        ],
        [
          0.07189815135120388,
          -0.08533536235669979,
          0.9937547643980028,
          5.963748777651938
        ],
        [
          0.0,
          0.0,
          0.0,
          1.0
        ]
      ]
    },
    {
      "file_path": "C:\\Users\\HP\\Desktop\\hzq\\hanglok-robotics\\calibration\\saved_07_06_16_38\\images\\36.png",
      "sharpness": 50,
      "transform_matrix": [
        [
          -0.04693727763928622,
          -0.9902241035022861,
          -0.13135112032604235,
          -0.6733434167464477
        ],
        [
          0.9780394122781685,
          -0.07228993920116544,
          0.19548164292553522,
          0.5372681865902095
        ],
        [
          -0.20306599911946674,
          -0.11929119637838184,
          0.9718712931598644,
          4.133298174911149
        ],
        [
          0.0,
          0.0,
          0.0,
          1.0
        ]
      ]
    },
    {
      "file_path": "C:\\Users\\HP\\Desktop\\hzq\\hanglok-robotics\\calibration\\saved_07_06_16_38\\images\\37.png",
      "sharpness": 50,
      "transform_matrix": [
        [
          -0.04410607120795651,
          -0.9952833769215228,
          -0.08640401672542963,
          -0.6182428973613093
        ],
        [
          0.9940790735677841,
          -0.03512611836545761,
          -0.10282485741877533,
          0.3870360813223224
        ],
        [
          0.09930483360448436,
          -0.09042762538221091,
          0.9909396523454493,
          5.0063581521111145
        ],
        [
          0.0,
          0.0,
          0.0,
          1.0
        ]
      ]
    },
    {
      "file_path": "C:\\Users\\HP\\Desktop\\hzq\\hanglok-robotics\\calibration\\saved_07_06_16_38\\images\\38.png",
      "sharpness": 50,
      "transform_matrix": [
        [
          -0.21519319990967542,
          -0.9090788053095539,
          -0.35674586535738456,
          -1.3793808051840548
        ],
        [
          0.9562632842444194,
          -0.27026627702236766,
          0.11187792771831921,
          -0.376497916469088
        ],
        [
          -0.19812222974394136,
          -0.3170676035823015,
          0.9274781489824251,
          5.103190381387631
        ],
        [
          0.0,
          0.0,
          0.0,
          1.0
        ]
      ]
    },
    {
      "file_path": "C:\\Users\\HP\\Desktop\\hzq\\hanglok-robotics\\calibration\\saved_07_06_16_38\\images\\40.png",
      "sharpness": 50,
      "transform_matrix": [
        [
          -0.15442898635102933,
          -0.9528460386963153,
          -0.26122043318877886,
          -1.1296086094180307
        ],
        [
          0.9851286674365095,
          -0.1686562282112781,
          0.03281135901349364,
          -0.33259145787165223
        ],
        [
          -0.07532062645358562,
          -0.25226871234119597,
          0.9647213587375135,
          5.337941195747478
        ],
        [
          0.0,
          0.0,
          0.0,
          1.0
        ]
      ]
    },
    {
      "file_path": "C:\\Users\\HP\\Desktop\\hzq\\hanglok-robotics\\calibration\\saved_07_06_16_38\\images\\41.png",
      "sharpness": 50,
      "transform_matrix": [
        [
          -0.3519130755562455,
          -0.8266658770126644,
          -0.4390680073011775,
          -2.0252066132628266
        ],
        [
          0.9198094967354926,
          -0.3923623744809496,
          0.0015022672434976184,
          -0.6811912799497335
        ],
        [
          -0.17351563897166236,
          -0.4033302553423849,
          0.8984525742395656,
          5.244259809894379
        ],
        [
          0.0,
          0.0,
          0.0,
          1.0
        ]
      ]
    },
    {
      "file_path": "C:\\Users\\HP\\Desktop\\hzq\\hanglok-robotics\\calibration\\saved_07_06_16_38\\images\\42.png",
      "sharpness": 50,
      "transform_matrix": [
        [
          -0.2907115243112573,
          -0.7823715871735865,
          -0.55080078904819,
          -1.8334244677006692
        ],
        [
          0.9047620421321246,
          -0.4120582597264522,
          0.10776658901587147,
          -0.03942867903647982
        ],
        [
          -0.31127553188378465,
          -0.467014657344597,
          0.8276501997074462,
          3.766556639476118
        ],
        [
          0.0,
          0.0,
          0.0,
          1.0
        ]
      ]
    },
    {
      "file_path": "C:\\Users\\HP\\Desktop\\hzq\\hanglok-robotics\\calibration\\saved_07_06_16_38\\images\\43.png",
      "sharpness": 50,
      "transform_matrix": [
        [
          0.14408034886797627,
          -0.986701728487595,
          0.07523664047307842,
          0.541349500995209
        ],
        [
          0.9876587623957922,
          0.14810455004085388,
          0.05094321662409195,
          0.49033258081176256
        ],
        [
          -0.06140864868156028,
          0.06696821079280171,
          0.9958635632506672,
          4.339702501208481
        ],
        [
          0.0,
          0.0,
          0.0,
          1.0
        ]
      ]
    },
    {
      "file_path": "C:\\Users\\HP\\Desktop\\hzq\\hanglok-robotics\\calibration\\saved_07_06_16_38\\images\\48.png",
      "sharpness": 50,
      "transform_matrix": [
        [
          -0.6275397639301306,
          -0.3877515305236086,
          -0.6751611624368772,
          -4.217402392495089
        ],
        [
          0.6667551190302676,
          -0.7154131284423679,
          -0.20885800654807757,
          -0.9610212426028869
        ],
        [
          -0.40203414772062523,
          -0.5812338653493122,
          0.707485503623677,
          3.9432731466257582
        ],
        [
          0.0,
          0.0,
          0.0,
          1.0
        ]
      ]
    },
    {
      "file_path": "C:\\Users\\HP\\Desktop\\hzq\\hanglok-robotics\\calibration\\saved_07_06_16_38\\images\\50.png",
      "sharpness": 50,
      "transform_matrix": [
        [
          0.5192641494207254,
          -0.7863102909535272,
          0.33478481068732874,
          2.616729329592523
        ],
        [
          0.8509247769938333,
          0.5120595938278669,
          -0.11714092481637282,
          -0.5429968748263856
        ],
        [
          -0.07932065950536553,
          0.3457037730621688,
          0.9349850984193355,
          5.063746893250066
        ],
        [
          0.0,
          0.0,
          0.0,
          1.0
        ]
      ]
    }
  ]
}