{
  "camera_angle_x": 1.2235306391055296,
  "camera_angle_y": 0.7521676402860731,
  "fl_x": 912.266,
  "fl_y": 911.672,
  "k1": 0,
  "k2": 0,
  "k3": 0,
  "k4": 0,
  "p1": 0,
  "p2": 0,
  "is_fisheye": false,
  "cx": 637.773,
  "cy": 375.817,
  "w": 1280,
  "h": 720,
  "aabb_scale": 6,
  "frames": [
    {
      "file_path": "C:\\Users\\HP\\Desktop\\hzq\\hanglok-robotics\\calibration\\saved_07_21_17_58\\images\\0.png",
      "sharpness": 50,
      "transform_matrix": [
        [
          -0.9521763125264615,
          0.27606264735578556,
          0.13095680432274304,
          0.6653240798858294
        ],
        [
          -0.29735260721636025,
          -0.9358166686190453,
          -0.1892844148797904,
          0.1291535891566366
        ],
        [
          0.07029720367939979,
          -0.21917248337705808,
          0.9731504126727738,
          5.218031637034041
        ],
        [
          0.0,
          0.0,
          0.0,
          1.0
        ]
      ]
    },
    {
      "file_path": "C:\\Users\\HP\\Desktop\\hzq\\hanglok-robotics\\calibration\\saved_07_21_17_58\\images\\1.png",
      "sharpness": 50,
      "transform_matrix": [
        [
          -0.9541740335550021,
          0.28339443760476507,
          0.09612235132401145,
          0.4778457785507339
        ],
        [
          -0.29644433330500025,
          -0.9390312505147496,
          -0.1741868761074135,
          0.20959940845905345
        ],
        [
          0.04089829997361323,
          -0.19469952052171174,
          0.9800099110559464,
          5.219673053052981
        ],
        [
          0.0,
          0.0,
          0.0,
          1.0
        ]
      ]
    },
    {
      "file_path": "C:\\Users\\HP\\Desktop\\hzq\\hanglok-robotics\\calibration\\saved_07_21_17_58\\images\\2.png",
      "sharpness": 50,
      "transform_matrix": [
        [
          -0.9541740335550021,
          0.28339443760476507,
          0.09612235132401145,
          0.4778457785507339
        ],
        [
          -0.29644433330500025,
          -0.9390312505147496,
          -0.1741868761074135,
          0.20959940845905345
        ],
        [
          0.04089829997361323,
          -0.19469952052171174,
          0.9800099110559464,
          5.219673053052981
        ],
        [
          0.0,
          0.0,
          0.0,
          1.0
        ]
      ]
    },
    {
      "file_path": "C:\\Users\\HP\\Desktop\\hzq\\hanglok-robotics\\calibration\\saved_07_21_17_58\\images\\3.png",
      "sharpness": 50,
      "transform_matrix": [
        [
          -0.9482941070460235,
          0.277946329971151,
          0.1532453072604606,
          0.7372472585632276
        ],
        [
          -0.2975894243086693,
          -0.946501029399855,
          -0.12480519173756353,
          0.3880168341437299
        ],
        [
          0.11035769606792142,
          -0.16395621061912616,
          0.9802752368176996,
          5.172961191799706
        ],
        [
          0.0,
          0.0,
          0.0,
          1.0
        ]
      ]
    },
    {
      "file_path": "C:\\Users\\HP\\Desktop\\hzq\\hanglok-robotics\\calibration\\saved_07_21_17_58\\images\\5.png",
      "sharpness": 50,
      "transform_matrix": [
        [
          -0.9434908485416825,
          0.2654526119740802,
          0.19839337064084198,
          0.8146716165859859
        ],
        [
          -0.28294306881883347,
          -0.9569170999260661,
          -0.06521413709057225,
          0.29390578709745147
        ],
        [
          0.1725347458498635,
          -0.1176629706629297,
          0.9779505032512112,
          5.000300647497903
        ],
        [
          0.0,
          0.0,
          0.0,
          1.0
        ]
      ]
    },
    {
      "file_path": "C:\\Users\\HP\\Desktop\\hzq\\hanglok-robotics\\calibration\\saved_07_21_17_58\\images\\7.png",
      "sharpness": 50,
      "transform_matrix": [
        [
          -0.9308262194038783,
          0.26354637569267425,
          0.25319134489460476,
          0.9193055723650081
        ],
        [
          -0.2735095762434062,
          -0.9618595521721834,
          -0.004325921668076035,
          0.21065333741671696
        ],
        [
          0.2423944326370457,
          -0.07327693876235401,
          0.9674065480821301,
          4.8308296340610895
        ],
        [
          0.0,
          0.0,
          0.0,
          1.0
        ]
      ]
    },
    {
      "file_path": "C:\\Users\\HP\\Desktop\\hzq\\hanglok-robotics\\calibration\\saved_07_21_17_58\\images\\22.png",
      "sharpness": 50,
      "transform_matrix": [
        [
          -0.8743935949365652,
          0.47201509989993257,
          0.11241702095486622,
          0.33837279769418327
        ],
        [
          -0.48291312114727075,
          -0.8240109719523114,
          -0.2963120576790772,
          -0.7132498350690676
        ],
        [
          -0.04723090680594152,
          -0.31338101979645167,
          0.948452201153872,
          3.640738097552132
        ],
        [
          0.0,
          0.0,
          0.0,
          1.0
        ]
      ]
    },
    {
      "file_path": "C:\\Users\\HP\\Desktop\\hzq\\hanglok-robotics\\calibration\\saved_07_21_17_58\\images\\23.png",
      "sharpness": 50,
      "transform_matrix": [
        [
          -0.8581180439809154,
          0.5021719763223705,
          0.10703610975204554,
          0.3315272360084043
        ],
        [
          -0.5038682747177022,
          -0.783509442768574,
          -0.36363403969579794,
          -0.8801617915483148
        ],
        [
          -0.09874302166418514,
          -0.36597303082189453,
          0.9253721177902773,
          3.4851179480309846
        ],
        [
          0.0,
          0.0,
          0.0,
          1.0
        ]
      ]
    },
    {
      "file_path": "C:\\Users\\HP\\Desktop\\hzq\\hanglok-robotics\\calibration\\saved_07_21_17_58\\images\\24.png",
      "sharpness": 50,
      "transform_matrix": [
        [
          -0.8401050246283904,
          0.534223467694327,
          0.09396187609227558,
          0.289921466020565
        ],
        [
          -0.5216287279147479,
          -0.7481793839046338,
          -0.41003790033864534,
          -0.9711921015015852
        ],
        [
          -0.1487515304397697,
          -0.3934881142610679,
          0.9072155676172533,
          3.3611245224565978
        ],
        [
          0.0,
          0.0,
          0.0,
          1.0
        ]
      ]
    },
    {
      "file_path": "C:\\Users\\HP\\Desktop\\hzq\\hanglok-robotics\\calibration\\saved_07_21_17_58\\images\\25.png",
      "sharpness": 50,
      "transform_matrix": [
        [
          -0.8253938300479738,
          0.5579118476782858,
          0.08636779225462327,
          0.2651115543463987
        ],
        [
          -0.5317003125748395,
          -0.716776958421462,
          -0.45113808250234877,
          -1.04722389684762
        ],
        [
          -0.18978883772907879,
          -0.4182883719352945,
          0.8882651828013785,
          3.245576834421036
        ],
        [
          0.0,
          0.0,
          0.0,
          1.0
        ]
      ]
    },
    {
      "file_path": "C:\\Users\\HP\\Desktop\\hzq\\hanglok-robotics\\calibration\\saved_07_21_17_58\\images\\26.png",
      "sharpness": 50,
      "transform_matrix": [
        [
          -0.8070718234760941,
          0.5854787992169772,
          0.07648298777126095,
          0.22721527087851398
        ],
        [
          -0.5398811870210363,
          -0.6792784857597192,
          -0.4971006363753114,
          -1.1450377143825206
        ],
        [
          -0.23908863555537144,
          -0.4424876432754132,
          0.8643155152470894,
          3.113673912635711
        ],
        [
          0.0,
          0.0,
          0.0,
          1.0
        ]
      ]
    },
    {
      "file_path": "C:\\Users\\HP\\Desktop\\hzq\\hanglok-robotics\\calibration\\saved_07_21_17_58\\images\\41.png",
      "sharpness": 50,
      "transform_matrix": [
        [
          -0.6248905597495998,
          0.7719560104178956,
          0.11660062742334401,
          0.2525365466287839
        ],
        [
          -0.5365163531842108,
          -0.31611976360174526,
          -0.7824439263143983,
          -2.0865142980118456
        ],
        [
          -0.567152528956494,
          -0.5514999664914424,
          0.6117072795530479,
          2.023026561573664
        ],
        [
          0.0,
          0.0,
          0.0,
          1.0
        ]
      ]
    },
    {
      "file_path": "C:\\Users\\HP\\Desktop\\hzq\\hanglok-robotics\\calibration\\saved_07_21_17_58\\images\\43.png",
      "sharpness": 50,
      "transform_matrix": [
        [
          -0.6197050939566753,
          0.774411806297271,
          0.1274831392441608,
          0.3186599084876448
        ],
        [
          -0.5482484404592189,
          -0.3109172095190899,
          -0.7763724211735606,
          -2.218629720827218
        ],
        [
          -0.5615952671258746,
          -0.5510143764841893,
          0.6172470436134607,
          2.129180607603716
        ],
        [
          0.0,
          0.0,
          0.0,
          1.0
        ]
      ]
    },
    {
      "file_path": "C:\\Users\\HP\\Desktop\\hzq\\hanglok-robotics\\calibration\\saved_07_21_17_58\\images\\50.png",
      "sharpness": 50,
      "transform_matrix": [
        [
          -0.5967334446965813,
          0.7775164680991286,
          0.1984372389830326,
          0.6473006626116481
        ],
        [
          -0.5983163500244858,
          -0.26632992864253174,
          -0.7557022657122587,
          -2.7198508635828476
        ],
        [
          -0.5347211808727322,
          -0.569681060720752,
          0.6241287910216525,
          2.4758483044855897
        ],
        [
          0.0,
          0.0,
          0.0,
          1.0
        ]
      ]
    },
    {
      "file_path": "C:\\Users\\HP\\Desktop\\hzq\\hanglok-robotics\\calibration\\saved_07_21_17_58\\images\\52.png",
      "sharpness": 50,
      "transform_matrix": [
        [
          -0.5824934265351354,
          0.7819088994321632,
          0.22208079843187753,
          0.7510503407653873
        ],
        [
          -0.6183680582848871,
          -0.24894513049525557,
          -0.7454175115300681,
          -2.8353590982948615
        ],
        [
          -0.527562652711823,
          -0.5715284725991207,
          0.6285163899789572,
          2.569232656369918
        ],
        [
          0.0,
          0.0,
          0.0,
          1.0
        ]
      ]
    },
    {
      "file_path": "C:\\Users\\HP\\Desktop\\hzq\\hanglok-robotics\\calibration\\saved_07_21_17_58\\images\\53.png",
      "sharpness": 50,
      "transform_matrix": [
        [
          -0.5814751110358153,
          0.7787805465688501,
          0.23534560869455198,
          0.8050742579240332
        ],
        [
          -0.6215937795440211,
          -0.2386409570698757,
          -0.7461043270488068,
          -2.9135849602726225
        ],
        [
          -0.5248884343153936,
          -0.580130462822542,
          0.6228489203869891,
          2.5880723830403225
        ],
        [
          0.0,
          0.0,
          0.0,
          1.0
        ]
      ]
    },
    {
      "file_path": "C:\\Users\\HP\\Desktop\\hzq\\hanglok-robotics\\calibration\\saved_07_21_17_58\\images\\59.png",
      "sharpness": 50,
      "transform_matrix": [
        [
          -0.544708497815243,
          0.7795908591910805,
          0.3090804825180229,
          1.101500130767552
        ],
        [
          -0.6759170717015257,
          -0.18995727311381702,
          -0.7120760820120252,
          -3.291638118916239
        ],
        [
          -0.49641591895334675,
          -0.5967866676266106,
          0.6304101115566194,
          2.872431158981838
        ],
        [
          0.0,
          0.0,
          0.0,
          1.0
        ]
      ]
    },
    {
      "file_path": "C:\\Users\\HP\\Desktop\\hzq\\hanglok-robotics\\calibration\\saved_07_21_17_58\\images\\61.png",
      "sharpness": 50,
      "transform_matrix": [
        [
          -0.5268499231484515,
          0.7808461701003258,
          0.33572074275821007,
          1.2077807235893634
        ],
        [
          -0.6985584554567212,
          -0.1727845912649651,
          -0.6943785490143827,
          -3.386637328014406
        ],
        [
          -0.484195459281054,
          -0.6003538487101192,
          0.6364982431637628,
          2.978054226319312
        ],
        [
          0.0,
          0.0,
          0.0,
          1.0
        ]
      ]
    },
    {
      "file_path": "C:\\Users\\HP\\Desktop\\hzq\\hanglok-robotics\\calibration\\saved_07_21_17_58\\images\\63.png",
      "sharpness": 50,
      "transform_matrix": [
        [
          -0.5102455465900713,
          0.781272004057896,
          0.359532387776621,
          1.2995281052513457
        ],
        [
          -0.715191589490317,
          -0.15327986626688278,
          -0.6819136843615334,
          -3.5149392359994795
        ],
        [
          -0.47765099445862513,
          -0.6050779604915105,
          0.6369695355510501,
          3.0623166452856663
        ],
        [
          0.0,
          0.0,
          0.0,
          1.0
        ]
      ]
    },
    {
      "file_path": "C:\\Users\\HP\\Desktop\\hzq\\hanglok-robotics\\calibration\\saved_07_21_17_58\\images\\64.png",
      "sharpness": 50,
      "transform_matrix": [
        [
          -0.5026868623297458,
          0.7772414926069041,
          0.3784198470102582,
          1.3817603950270603
        ],
        [
          -0.7278688690981406,
          -0.1443806435559445,
          -0.6703440453708566,
          -3.5500292332909984
        ],
        [
          -0.46638270533851156,
          -0.6124131709365527,
          0.6383081389302253,
          3.114248359983766
        ],
        [
          0.0,
          0.0,
          0.0,
          1.0
        ]
      ]
    },
    {
      "file_path": "C:\\Users\\HP\\Desktop\\hzq\\hanglok-robotics\\calibration\\saved_07_21_17_58\\images\\65.png",
      "sharpness": 50,
      "transform_matrix": [
        [
          -0.4939960667310992,
          0.780372784115256,
          0.383387798275333,
          1.3908277251799588
        ],
        [
          -0.7338996033751576,
          -0.13780583697986729,
          -0.6651322601258071,
          -3.629724107654078
        ],
        [
          -0.46621803721004806,
          -0.6099408734512569,
          0.6407908181875954,
          3.170290146090017
        ],
        [
          0.0,
          0.0,
          0.0,
          1.0
        ]
      ]
    },
    {
      "file_path": "C:\\Users\\HP\\Desktop\\hzq\\hanglok-robotics\\calibration\\saved_07_21_17_58\\images\\66.png",
      "sharpness": 50,
      "transform_matrix": [
        [
          -0.4857446388288032,
          0.7799679158560101,
          0.39459117588246595,
          1.4310614695058606
        ],
        [
          -0.7400939514694603,
          -0.12678925121624043,
          -0.6604433577335341,
          -3.685303272712807
        ],
        [
          -0.4650947095456963,
          -0.6128413628429926,
          0.6388367359046814,
          3.185982693486942
        ],
        [
          0.0,
          0.0,
          0.0,
          1.0
        ]
      ]
    },
    {
      "file_path": "C:\\Users\\HP\\Desktop\\hzq\\hanglok-robotics\\calibration\\saved_07_21_17_58\\images\\67.png",
      "sharpness": 50,
      "transform_matrix": [
        [
          -0.4781724680950604,
          0.7743555376262551,
          0.4143966603430006,
          1.5210953493075872
        ],
        [
          -0.7545588903747023,
          -0.12076243508229004,
          -0.6450250500790602,
          -3.7236342131616884
        ],
        [
          -0.4494351696433833,
          -0.621119904382841,
          0.6420421268632409,
          3.271607295398205
        ],
        [
          0.0,
          0.0,
          0.0,
          1.0
        ]
      ]
    },
    {
      "file_path": "C:\\Users\\HP\\Desktop\\hzq\\hanglok-robotics\\calibration\\saved_07_21_17_58\\images\\68.png",
      "sharpness": 50,
      "transform_matrix": [
        [
          -0.468830897073078,
          0.7753797114672881,
          0.4230648803606339,
          1.5498650621687065
        ],
        [
          -0.7565785086875965,
          -0.10533826635174631,
          -0.6453625413936422,
          -3.804879174454133
        ],
        [
          -0.4558361000861001,
          -0.6226476954802876,
          0.6360214596783522,
          3.2558651418883766
        ],
        [
          0.0,
          0.0,
          0.0,
          1.0
        ]
      ]
    },
    {
      "file_path": "C:\\Users\\HP\\Desktop\\hzq\\hanglok-robotics\\calibration\\saved_07_21_17_58\\images\\69.png",
      "sharpness": 50,
      "transform_matrix": [
        [
          -0.46301686274547327,
          0.7706286097285628,
          0.4378891762548627,
          1.6105986451577319
        ],
        [
          -0.7669633232414974,
          -0.10070945989820135,
          -0.6337387991036776,
          -3.8496769001036184
        ],
        [
          -0.44427766724842066,
          -0.6292766883929797,
          0.6376740576732493,
          3.321342027971573
        ],
        [
          0.0,
          0.0,
          0.0,
          1.0
        ]
      ]
    },
    {
      "file_path": "C:\\Users\\HP\\Desktop\\hzq\\hanglok-robotics\\calibration\\saved_07_21_17_58\\images\\70.png",
      "sharpness": 50,
      "transform_matrix": [
        [
          -0.4532831564979584,
          0.771682042679854,
          0.4461403423147196,
          1.6372062826048526
        ],
        [
          -0.7733846680903257,
          -0.09162736685868404,
          -0.627280304812259,
          -3.902649729541298
        ],
        [
          -0.4431822821346357,
          -0.6293736971370759,
          0.6383402025205246,
          3.352083076837075
        ],
        [
          0.0,
          0.0,
          0.0,
          1.0
        ]
      ]
    },
    {
      "file_path": "C:\\Users\\HP\\Desktop\\hzq\\hanglok-robotics\\calibration\\saved_07_21_17_58\\images\\71.png",
      "sharpness": 50,
      "transform_matrix": [
        [
          -0.44053972538182146,
          0.7663045245952852,
          0.46765599102898614,
          1.7420009949022224
        ],
        [
          -0.7859155144917042,
          -0.07743094065207923,
          -0.6134665871186256,
          -3.947161233567462
        ],
        [
          -0.4338911781100757,
          -0.6377945006148359,
          0.6363620200355475,
          3.3958985231113026
        ],
        [
          0.0,
          0.0,
          0.0,
          1.0
        ]
      ]
    },
    {
      "file_path": "C:\\Users\\HP\\Desktop\\hzq\\hanglok-robotics\\calibration\\saved_07_21_17_58\\images\\73.png",
      "sharpness": 50,
      "transform_matrix": [
        [
          -0.4228155911344158,
          0.7668627462745297,
          0.4828545373815397,
          1.7910183360409815
        ],
        [
          -0.800174762493737,
          -0.06582064263849122,
          -0.5961442715238885,
          -4.064801681974255
        ],
        [
          -0.4253790372852738,
          -0.6384271073340653,
          0.6414542097915578,
          3.5128413712615907
        ],
        [
          0.0,
          0.0,
          0.0,
          1.0
        ]
      ]
    },
    {
      "file_path": "C:\\Users\\HP\\Desktop\\hzq\\hanglok-robotics\\calibration\\saved_07_21_17_58\\images\\74.png",
      "sharpness": 50,
      "transform_matrix": [
        [
          -0.4167356345617964,
          0.7633118503896088,
          0.49364605735401956,
          1.8341062150011516
        ],
        [
          -0.8061940413942053,
          -0.05945388527836817,
          -0.5886564389741988,
          -4.117572212443945
        ],
        [
          -0.41997925961510885,
          -0.643288624631353,
          0.6401540181183331,
          3.5465676296775386
        ],
        [
          0.0,
          0.0,
          0.0,
          1.0
        ]
      ]
    },
    {
      "file_path": "C:\\Users\\HP\\Desktop\\hzq\\hanglok-robotics\\calibration\\saved_07_21_17_58\\images\\75.png",
      "sharpness": 50,
      "transform_matrix": [
        [
          -0.40567054052024154,
          0.7642746191358848,
          0.501313992522364,
          1.8567515499011427
        ],
        [
          -0.8118878958796074,
          -0.04937182244299344,
          -0.5817219848629076,
          -4.184614833945535
        ],
        [
          -0.4198445629970674,
          -0.6429982345958312,
          0.6405340063013408,
          3.5801006114597715
        ],
        [
          0.0,
          0.0,
          0.0,
          1.0
        ]
      ]
    },
    {
      "file_path": "C:\\Users\\HP\\Desktop\\hzq\\hanglok-robotics\\calibration\\saved_07_21_17_58\\images\\76.png",
      "sharpness": 50,
      "transform_matrix": [
        [
          -0.40100468369492337,
          0.7597106530929308,
          0.5118935116133496,
          1.9004280360887138
        ],
        [
          -0.8186657853238707,
          -0.046447542425815794,
          -0.5723888169266165,
          -4.24088510917108
        ],
        [
          -0.4110736863322489,
          -0.6486003001693061,
          0.6405748004921062,
          3.643731416856484
        ],
        [
          0.0,
          0.0,
          0.0,
          1.0
        ]
      ]
    },
    {
      "file_path": "C:\\Users\\HP\\Desktop\\hzq\\hanglok-robotics\\calibration\\saved_07_21_17_58\\images\\77.png",
      "sharpness": 50,
      "transform_matrix": [
        [
          -0.39138329148624407,
          0.7550169909952165,
          0.5260878847245228,
          1.9664861993584377
        ],
        [
          -0.8261619294368842,
          -0.03649353244680283,
          -0.5622496673531063,
          -4.270598689253842
        ],
        [
          -0.40530924674193963,
          -0.6546889073430854,
          0.6380492528852284,
          3.664159544074435
        ],
        [
          0.0,
          0.0,
          0.0,
          1.0
        ]
      ]
    },
    {
      "file_path": "C:\\Users\\HP\\Desktop\\hzq\\hanglok-robotics\\calibration\\saved_07_21_17_58\\images\\78.png",
      "sharpness": 50,
      "transform_matrix": [
        [
          -0.3798142815233359,
          0.7575611168823873,
          0.5308881857216471,
          1.9826167153308032
        ],
        [
          -0.833069215394313,
          -0.03061252536134881,
          -0.552321062112703,
          -4.358526662501951
        ],
        [
          -0.4021651326423214,
          -0.652046031717785,
          0.6427279195801855,
          3.7514442383065068
        ],
        [
          0.0,
          0.0,
          0.0,
          1.0
        ]
      ]
    },
    {
      "file_path": "C:\\Users\\HP\\Desktop\\hzq\\hanglok-robotics\\calibration\\saved_07_21_17_58\\images\\79.png",
      "sharpness": 50,
      "transform_matrix": [
        [
          -0.3713571164216236,
          0.7541316714673714,
          0.5416450075213888,
          2.0308425261783696
        ],
        [
          -0.8371955052023591,
          -0.01970909777123355,
          -0.5465484768380667,
          -4.419383145481402
        ],
        [
          -0.40149418196529785,
          -0.6564274320554195,
          0.6386747593988225,
          3.7583525293700704
        ],
        [
          0.0,
          0.0,
          0.0,
          1.0
        ]
      ]
    },
    {
      "file_path": "C:\\Users\\HP\\Desktop\\hzq\\hanglok-robotics\\calibration\\saved_07_21_17_58\\images\\80.png",
      "sharpness": 50,
      "transform_matrix": [
        [
          -0.36146108485026285,
          0.7512298923268116,
          0.5522676280695057,
          2.0823426279250445
        ],
        [
          -0.8450818393357225,
          -0.01370897576466852,
          -0.534461176147001,
          -4.474040014256215
        ],
        [
          -0.3939321882809566,
          -0.659898259474997,
          0.6398060004236021,
          3.8261743598248557
        ],
        [
          0.0,
          0.0,
          0.0,
          1.0
        ]
      ]
    },
    {
      "file_path": "C:\\Users\\HP\\Desktop\\hzq\\hanglok-robotics\\calibration\\saved_07_21_17_58\\images\\81.png",
      "sharpness": 50,
      "transform_matrix": [
        [
          -0.3558237025895249,
          0.7526829650850492,
          0.5539475126275595,
          2.064869285808698
        ],
        [
          -0.8440454185446218,
          -0.004350797266322942,
          -0.5362540461357669,
          -4.568399815059184
        ],
        [
          -0.40121917216069747,
          -0.6583687603721231,
          0.6368467250891366,
          3.8148431507384424
        ],
        [
          0.0,
          0.0,
          0.0,
          1.0
        ]
      ]
    },
    {
      "file_path": "C:\\Users\\HP\\Desktop\\hzq\\hanglok-robotics\\calibration\\saved_07_21_17_58\\images\\82.png",
      "sharpness": 50,
      "transform_matrix": [
        [
          -0.34040677015241994,
          0.7520614902597262,
          0.5643817375701643,
          2.132217864619262
        ],
        [
          -0.856688192280657,
          -0.0006582787984442406,
          -0.5158341864164532,
          -4.597621919072779
        ],
        [
          -0.38756750643119975,
          -0.6590926198474262,
          0.6445062811341394,
          3.9451532462578918
        ],
        [
          0.0,
          0.0,
          0.0,
          1.0
        ]
      ]
    },
    {
      "file_path": "C:\\Users\\HP\\Desktop\\hzq\\hanglok-robotics\\calibration\\saved_07_21_17_58\\images\\83.png",
      "sharpness": 50,
      "transform_matrix": [
        [
          -0.3366084730975623,
          0.74330259192458,
          0.5780968713607859,
          2.2018644691835187
        ],
        [
          -0.8600231498288561,
          0.007339184848198741,
          -0.5102022325747089,
          -4.656339542097952
        ],
        [
          -0.3834774016775707,
          -0.6689150866918504,
          0.6367870045773968,
          3.948973409866062
        ],
        [
          0.0,
          0.0,
          0.0,
          1.0
        ]
      ]
    },
    {
      "file_path": "C:\\Users\\HP\\Desktop\\hzq\\hanglok-robotics\\calibration\\saved_07_21_17_58\\images\\85.png",
      "sharpness": 50,
      "transform_matrix": [
        [
          -0.3160431259436472,
          0.7369005039524851,
          0.59757375261832,
          2.3193851972369313
        ],
        [
          -0.8739773893736255,
          0.018951571691024037,
          -0.485596911845722,
          -4.773059596212929
        ],
        [
          -0.3691615708703034,
          -0.6757355142398639,
          0.6380448647137257,
          4.097316631091443
        ],
        [
          0.0,
          0.0,
          0.0,
          1.0
        ]
      ]
    },
    {
      "file_path": "C:\\Users\\HP\\Desktop\\hzq\\hanglok-robotics\\calibration\\saved_07_21_17_58\\images\\86.png",
      "sharpness": 50,
      "transform_matrix": [
        [
          -0.30743120165976406,
          0.739507766351832,
          0.5988441531411641,
          2.31312933273099
        ],
        [
          -0.8751604616282661,
          0.027349972534475808,
          -0.4830591531116699,
          -4.8606198046203515
        ],
        [
          -0.373604366474261,
          -0.6725921814202779,
          0.6387797232565218,
          4.12067813612226
        ],
        [
          0.0,
          0.0,
          0.0,
          1.0
        ]
      ]
    },
    {
      "file_path": "C:\\Users\\HP\\Desktop\\hzq\\hanglok-robotics\\calibration\\saved_07_21_17_58\\images\\89.png",
      "sharpness": 50,
      "transform_matrix": [
        [
          -0.2845612457278438,
          0.7305818372431367,
          0.6207053056968826,
          2.43921000517711
        ],
        [
          -0.8894787390148615,
          0.04028600150639546,
          -0.4551973318497796,
          -5.03234787749024
        ],
        [
          -0.35756463789131815,
          -0.6816356924142613,
          0.6383731765641326,
          4.295319118013691
        ],
        [
          0.0,
          0.0,
          0.0,
          1.0
        ]
      ]
    },
    {
      "file_path": "C:\\Users\\HP\\Desktop\\hzq\\hanglok-robotics\\calibration\\saved_07_21_17_58\\images\\90.png",
      "sharpness": 50,
      "transform_matrix": [
        [
          -0.2803242048711218,
          0.7289814700719587,
          0.6245032877856608,
          2.461540469717824
        ],
        [
          -0.8936058764855231,
          0.03940842032435897,
          -0.44711912721117075,
          -5.096656640763635
        ],
        [
          -0.35055224671069185,
          -0.6833981216679375,
          0.6403749914127044,
          4.381793795960516
        ],
        [
          0.0,
          0.0,
          0.0,
          1.0
        ]
      ]
    },
    {
      "file_path": "C:\\Users\\HP\\Desktop\\hzq\\hanglok-robotics\\calibration\\saved_07_21_17_58\\images\\91.png",
      "sharpness": 50,
      "transform_matrix": [
        [
          -0.27122401079346675,
          0.725295865514227,
          0.6327585980743955,
          2.519157325981805
        ],
        [
          -0.8955795880806411,
          0.05070758620933045,
          -0.4420021969562293,
          -5.176915215439615
        ],
        [
          -0.35266802716211054,
          -0.6865672932559433,
          0.6358070575644726,
          4.386008069949087
        ],
        [
          0.0,
          0.0,
          0.0,
          1.0
        ]
      ]
    },
    {
      "file_path": "C:\\Users\\HP\\Desktop\\hzq\\hanglok-robotics\\calibration\\saved_07_21_17_58\\images\\92.png",
      "sharpness": 50,
      "transform_matrix": [
        [
          -0.2653226277726683,
          0.7246854295072495,
          0.6359519883227815,
          2.5375036121145826
        ],
        [
          -0.8980991564843995,
          0.054189040750156015,
          -0.4364418093911123,
          -5.244361426708829
        ],
        [
          -0.35074464830388535,
          -0.6869458320147748,
          0.6364617942686842,
          4.431828299067804
        ],
        [
          0.0,
          0.0,
          0.0,
          1.0
        ]
      ]
    },
    {
      "file_path": "C:\\Users\\HP\\Desktop\\hzq\\hanglok-robotics\\calibration\\saved_07_21_17_58\\images\\93.png",
      "sharpness": 50,
      "transform_matrix": [
        [
          -0.25964312016915114,
          0.7237607945426925,
          0.6393400991895927,
          2.5571491311411663
        ],
        [
          -0.9003571614231578,
          0.05797273123608586,
          -0.43127270294682696,
          -5.315043458920408
        ],
        [
          -0.34920256588814075,
          -0.6876114271272395,
          0.6365909937009631,
          4.480074364838845
        ],
        [
          0.0,
          0.0,
          0.0,
          1.0
        ]
      ]
    },
    {
      "file_path": "C:\\Users\\HP\\Desktop\\hzq\\hanglok-robotics\\calibration\\saved_07_21_17_58\\images\\94.png",
      "sharpness": 50,
      "transform_matrix": [
        [
          -0.2537183815172647,
          0.7231946677806221,
          0.6423522829210897,
          2.5760578829587812
        ],
        [
          -0.9027485849099596,
          0.06145203245252465,
          -0.42575655033190013,
          -5.385200259752244
        ],
        [
          -0.3473787203087225,
          -0.687904877291279,
          0.6372714527385837,
          4.527248811859439
        ],
        [
          0.0,
          0.0,
          0.0,
          1.0
        ]
      ]
    },
    {
      "file_path": "C:\\Users\\HP\\Desktop\\hzq\\hanglok-robotics\\calibration\\saved_07_21_17_58\\images\\96.png",
      "sharpness": 50,
      "transform_matrix": [
        [
          -0.24663321461652277,
          0.7169232601445109,
          0.6520683219661005,
          2.6387208055195557
        ],
        [
          -0.9052319235494534,
          0.06981227791028362,
          -0.4191436632467846,
          -5.509530511081
        ],
        [
          -0.34601621643338737,
          -0.6936478104317373,
          0.6317637952972455,
          4.563969387034636
        ],
        [
          0.0,
          0.0,
          0.0,
          1.0
        ]
      ]
    },
    {
      "file_path": "C:\\Users\\HP\\Desktop\\hzq\\hanglok-robotics\\calibration\\saved_07_21_17_58\\images\\97.png",
      "sharpness": 50,
      "transform_matrix": [
        [
          -0.2385146936490268,
          0.7128711854577943,
          0.6594887518809629,
          2.725627179043775
        ],
        [
          -0.9113498289948228,
          0.07029243700675897,
          -0.4055865659643556,
          -5.560718695662621
        ],
        [
          -0.3354880476330248,
          -0.6977633167798734,
          0.6329092538837863,
          4.67913727277655
        ],
        [
          0.0,
          0.0,
          0.0,
          1.0
        ]
      ]
    },
    {
      "file_path": "C:\\Users\\HP\\Desktop\\hzq\\hanglok-robotics\\calibration\\saved_07_21_17_58\\images\\98.png",
      "sharpness": 50,
      "transform_matrix": [
        [
          -0.2362086246284261,
          0.7092224134255981,
          0.6642356915628048,
          2.768945604550807
        ],
        [
          -0.9122854852182601,
          0.07350812858891966,
          -0.40290414305568867,
          -5.580724946550587
        ],
        [
          -0.33457537134587667,
          -0.7011420136649388,
          0.6296500596066387,
          4.67950146902923
        ],
        [
          0.0,
          0.0,
          0.0,
          1.0
        ]
      ]
    },
    {
      "file_path": "C:\\Users\\HP\\Desktop\\hzq\\hanglok-robotics\\calibration\\saved_07_21_17_58\\images\\99.png",
      "sharpness": 50,
      "transform_matrix": [
        [
          -0.23933564196210466,
          0.7154517214436253,
          0.656389583075433,
          2.7254770118490352
        ],
        [
          -0.907645742859097,
          0.07522313912079248,
          -0.41294150289184073,
          -5.593125836187058
        ],
        [
          -0.3448153940246076,
          -0.6946008304228892,
          0.631373130897639,
          4.65627774277379
        ],
        [
          0.0,
          0.0,
          0.0,
          1.0
        ]
      ]
    },
    {
      "file_path": "C:\\Users\\HP\\Desktop\\hzq\\hanglok-robotics\\calibration\\saved_07_21_17_58\\images\\100.png",
      "sharpness": 50,
      "transform_matrix": [
        [
          -0.23873350102554008,
          0.713582675148764,
          0.658639568516516,
          2.812018924823252
        ],
        [
          -0.9109180630043343,
          0.07047044306728502,
          -0.4065245369548216,
          -5.460540583815131
        ],
        [
          -0.3365034888088384,
          -0.6970177059310864,
          0.6331916926476892,
          4.72036915422376
        ],
        [
          0.0,
          0.0,
          0.0,
          1.0
        ]
      ]
    },
    {
      "file_path": "C:\\Users\\HP\\Desktop\\hzq\\hanglok-robotics\\calibration\\saved_07_21_17_58\\images\\101.png",
      "sharpness": 50,
      "transform_matrix": [
        [
          -0.24675224807960972,
          0.720478962798542,
          0.6480921170886095,
          2.7762085004397044
        ],
        [
          -0.9081554128129598,
          0.06146372783703582,
          -0.41409655436733317,
          -5.420503824582364
        ],
        [
          -0.33818201348708893,
          -0.690747619847591,
          0.6391405568642208,
          4.77889695664971
        ],
        [
          0.0,
          0.0,
          0.0,
          1.0
        ]
      ]
    },
    {
      "file_path": "C:\\Users\\HP\\Desktop\\hzq\\hanglok-robotics\\calibration\\saved_07_21_17_58\\images\\102.png",
      "sharpness": 50,
      "transform_matrix": [
        [
          -0.24650054352316142,
          0.7227354103899217,
          0.645670975506331,
          2.8375868205968757
        ],
        [
          -0.909863313047363,
          0.056847765418515266,
          -0.410995234932715,
          -5.301486858900956
        ],
        [
          -0.3337457619405258,
          -0.688782881709057,
          0.6435774298802789,
          4.843009333921947
        ],
        [
          0.0,
          0.0,
          0.0,
          1.0
        ]
      ]
    },
    {
      "file_path": "C:\\Users\\HP\\Desktop\\hzq\\hanglok-robotics\\calibration\\saved_07_21_17_58\\images\\104.png",
      "sharpness": 50,
      "transform_matrix": [
        [
          -0.24792292833450405,
          0.7340858339914347,
          0.6321805200566878,
          2.8818598620920106
        ],
        [
          -0.9059454834665912,
          0.05550694734685562,
          -0.41974010980929377,
          -5.178033386869479
        ],
        [
          -0.3432156794095063,
          -0.6767842840442835,
          0.6512803008522043,
          4.890797356160715
        ],
        [
          0.0,
          0.0,
          0.0,
          1.0
        ]
      ]
    },
    {
      "file_path": "C:\\Users\\HP\\Desktop\\hzq\\hanglok-robotics\\calibration\\saved_07_21_17_58\\images\\105.png",
      "sharpness": 50,
      "transform_matrix": [
        [
          -0.2577137808098639,
          0.7376333983377509,
          0.6240837899171761,
          2.8649344288125675
        ],
        [
          -0.9001856719023522,
          0.05138548103797947,
          -0.4324642048079884,
          -5.136238641698656
        ],
        [
          -0.3510688868048489,
          -0.6732432710359576,
          0.650764269703253,
          4.860297743914764
        ],
        [
          0.0,
          0.0,
          0.0,
          1.0
        ]
      ]
    },
    {
      "file_path": "C:\\Users\\HP\\Desktop\\hzq\\hanglok-robotics\\calibration\\saved_07_21_17_58\\images\\106.png",
      "sharpness": 50,
      "transform_matrix": [
        [
          -0.2530674042043583,
          0.7371833116036798,
          0.6265122935923125,
          2.998183858008876
        ],
        [
          -0.9077396514997356,
          0.043050787324813836,
          -0.4173192480653779,
          -4.99022810810283
        ],
        [
          -0.33461263279261677,
          -0.6743199498782058,
          0.6582757713693005,
          5.013980340202605
        ],
        [
          0.0,
          0.0,
          0.0,
          1.0
        ]
      ]
    },
    {
      "file_path": "C:\\Users\\HP\\Desktop\\hzq\\hanglok-robotics\\calibration\\saved_07_21_17_58\\images\\125.png",
      "sharpness": 50,
      "transform_matrix": [
        [
          -0.3204727231005096,
          0.8362944036500793,
          0.44486953612503344,
          3.4916331178409434
        ],
        [
          -0.8751411295855729,
          -0.08165557179195321,
          -0.47692805631773927,
          -3.705168906657601
        ],
        [
          -0.36252618809712456,
          -0.5421660612938507,
          0.7580440125249199,
          6.005690582319752
        ],
        [
          0.0,
          0.0,
          0.0,
          1.0
        ]
      ]
    },
    {
      "file_path": "C:\\Users\\HP\\Desktop\\hzq\\hanglok-robotics\\calibration\\saved_07_21_17_58\\images\\149.png",
      "sharpness": 50,
      "transform_matrix": [
