{
  "camera_angle_x": 0.8257235521381374,
  "camera_angle_y": 0.22191024686393704,
  "fl_x": 1461.06102648706,
  "fl_y": 3231.229440008872,
  "k1": -0.052311419159040695,
  "k2": -0.06262197051900104,
  "k3": 0,
  "k4": 0,
  "p1": 0.002628336459578463,
  "p2": 0.009069899197038428,
  "is_fisheye": false,
  "cx": 652.1317936883211,
  "cy": 294.6926504587426,
  "w": 1280.0,
  "h": 720.0,
  "aabb_scale": 8,
  "frames": [
    {
      "file_path": "./images/2.png",
      "sharpness": 144.5106876513399,
      "transform_matrix": [
        [
          -0.0009548092511529449,
          -0.00214506545523927,
          0.9999972435118459,
          4.100975598705041
        ],
        [
          0.9999994927102207,
          -0.0003228568185075456,
          0.0009541188477881679,
          0.008530786957372747
        ],
        [
          0.0003208092811759666,
          0.9999976472249676,
          0.0021453726337467543,
          0.004044530562015538
        ],
        [
          0.0,
          0.0,
          0.0,
          1.0
        ]
      ]
    },
    {
      "file_path": "./images/1.png",
      "sharpness": 148.55345593368978,
      "transform_matrix": [
        [
          -0.0027812317719130833,
          -0.002013319592629007,
          0.9999941056285545,
          4.1932552749773615
        ],
        [
          0.9999961323414814,
          1.6053311484074807e-06,
          0.002781240640759661,
          0.01651570819637695
        ],
        [
          -7.204847959845735e-06,
          0.9999979732676686,
          0.002013307340998493,
          0.0064367322449442625
        ],
        [
          0.0,
          0.0,
          0.0,
          1.0
        ]
      ]
    },
    {
      "file_path": "./images/3.png",
      "sharpness": 141.48036881480277,
      "transform_matrix": [
        [
          0.002783624525634273,
          0.0007718625845308919,
          0.9999958278215236,
          3.9145813407584877
        ],
        [
          0.9999961197122357,
          -0.00011167053598851032,
          -0.002783539143492401,
          -0.007919813831631933
        ],
        [
          0.0001095215603616673,
          0.9999996958777766,
          -0.0007721704383245652,
          -0.005120842179212689
        ],
        [
          0.0,
          0.0,
          0.0,
          1.0
        ]
      ]
    },
    {
      "file_path": "./images/4.png",
      "sharpness": 131.70104358767296,
      "transform_matrix": [
        [
          0.006415581065167063,
          0.006179156333264429,
          0.999960328385286,
          3.6381523356164744
        ],
        [
          0.9999791818199948,
          0.0006504632831306673,
          -0.00641972149948776,
          -0.028597233723246865
        ],
        [
          -0.0006901059409632643,
          0.9999806972748674,
          -0.006174854594552608,
          -0.01753251113712362
        ],
        [
          0.0,
          0.0,
          0.0,
          1.0
        ]
      ]
    },
    {
      "file_path": "./images/0.png",
      "sharpness": 191.37461131975974,
      "transform_matrix": [
        [
          -0.002583441612906372,
          -0.002792634375381855,
          0.9999927634840572,
          4.152794199713343
        ],
        [
          0.9999966407904036,
          -0.0002175412617933226,
          0.0025828441121626255,
          0.013380282839308283
        ],
        [
          0.00021032674829863553,
          0.999996076925729,
          0.002793186999486063,
          0.006676806437400985
        ],
        [
          0.0,
          0.0,
          0.0,
          1.0
        ]
      ]
    }
  ]
}