{
  "camera_angle_x": 1.2289870667917866,
  "camera_angle_y": 0.7555002080510762,
  "fl_x": 906.9927814821367,
  "fl_y": 907.2438058683608,
  "k1": 0.05282558830865715,
  "k2": -0.0865155072736658,
  "k3": 0,
  "k4": 0,
  "p1": -0.00012672327142766715,
  "p2": -0.0030664379592475737,
  "is_fisheye": false,
  "cx": 625.2006665724269,
  "cy": 372.22969509603786,
  "w": 1280.0,
  "h": 720.0,
  "aabb_scale": 8,
  "frames": [
    {
      "file_path": "./images/32.png",
      "sharpness": 89.92449006873119,
      "transform_matrix": [
        [
          -0.14232585629152544,
          -0.07459495678351995,
          0.9870050369878058,
          3.12722622918767
        ],
        [
          0.9808016254140043,
          -0.1449262012565438,
          0.1304782272041327,
          0.49219944605617305
        ],
        [
          0.13330987291223462,
          0.9866265699836775,
          0.09378960055387925,
          1.0306761435234735
        ],
        [
          0.0,
          0.0,
          0.0,
          1.0
        ]
      ]
    },
    {
      "file_path": "./images/39.png",
      "sharpness": 93.9461749274348,
      "transform_matrix": [
        [
          -0.1050509969516097,
          0.15974881870427152,
          0.9815521396991675,
          4.1742217137252275
        ],
        [
          0.987298839647037,
          0.1350461738110759,
          0.08368710874645463,
          0.0066951712861333165
        ],
        [
          -0.11918594409942518,
          0.9778767027838673,
          -0.17190655853506612,
          -0.23900828251469225
        ],
        [
          0.0,
          0.0,
          0.0,
          1.0
        ]
      ]
    },
    {
      "file_path": "./images/26.png",
      "sharpness": 142.20298307826667,
      "transform_matrix": [
        [
          -0.5866023628412884,
          -0.5002315155424728,
          0.6369192246690702,
          2.412158611971612
        ],
        [
          0.6369691844046171,
          -0.7706642270282059,
          -0.018625447583141823,
          -0.11762994269805574
        ],
        [
          0.5001678978311652,
          0.3947721875078312,
          0.7707055170005754,
          2.9961366005426178
        ],
        [
          0.0,
          0.0,
          0.0,
          1.0
        ]
      ]
    },
    {
      "file_path": "./images/27.png",
      "sharpness": 162.41551290085286,
      "transform_matrix": [
        [
          -0.6613642345657597,
          -0.31710186016481823,
          0.679738007987791,
          3.7642549419938898
        ],
        [
          0.5192343637415505,
          -0.8475474939173063,
          0.10981311881619032,
          -1.328446512806309
        ],
        [
          0.5412883009432798,
          0.4255698013596381,
          0.7251877821766886,
          3.2099633751942744
        ],
        [
          0.0,
          0.0,
          0.0,
          1.0
        ]
      ]
    },
    {
      "file_path": "./images/30.png",
      "sharpness": 121.75984916941204,
      "transform_matrix": [
        [
          -0.4355859988898741,
          -0.41256783157135873,
          0.800032888017467,
          3.1659194567516113
        ],
        [
          0.7959058754414015,
          -0.5916887285041685,
          0.1282118793197984,
          -0.30371158188551395
        ],
        [
          0.42047434523991484,
          0.6925981756425175,
          0.5860964870031307,
          2.091290888113006
        ],
        [
          0.0,
          0.0,
          0.0,
          1.0
        ]
      ]
    },
    {
      "file_path": "./images/25.png",
      "sharpness": 143.76081080908125,
      "transform_matrix": [
        [
          -0.5947532318555746,
          -0.49937037369077414,
          0.6299982722700409,
          2.432885364761617
        ],
        [
          0.6613113085498717,
          -0.7495026303398685,
          0.03021854227809458,
          0.004964703531815109
        ],
        [
          0.4570951174261661,
          0.4345975575009204,
          0.7760083869553752,
          2.6328645257786447
        ],
        [
          0.0,
          0.0,
          0.0,
          1.0
        ]
      ]
    },
    {
      "file_path": "./images/4.png",
      "sharpness": 99.07786863395789,
      "transform_matrix": [
        [
          -0.13238437170811893,
          0.32222644676081086,
          0.9373603870024059,
          3.663819286965044
        ],
        [
          0.9279801929107834,
          0.37261769687861834,
          0.002968760326708459,
          0.44818661245944924
        ],
        [
          -0.34832045545872714,
          0.8702448902280225,
          -0.3483485199146557,
          -1.5377601115368382
        ],
        [
          0.0,
          0.0,
          0.0,
          1.0
        ]
      ]
    },
    {
      "file_path": "./images/21.png",
      "sharpness": 138.3587596902623,
      "transform_matrix": [
        [
          -0.37042731506001764,
          -0.5322502173112423,
          0.7612445798923714,
          3.1826124570916856
        ],
        [
          0.8149986657257124,
          -0.579400149573729,
          -0.00852300058589129,
          0.21698906032185003
        ],
        [
          0.44560159236581515,
          0.6172561646799266,
          0.648408858692852,
          2.2192806705383763
        ],
        [
          0.0,
          0.0,
          0.0,
          1.0
        ]
      ]
    },
    {
      "file_path": "./images/24.png",
      "sharpness": 127.90174534346852,
      "transform_matrix": [
        [
          -0.4834764786535457,
          -0.4806300453851901,
          0.7316045749226484,
          2.7155801091747436
        ],
        [
          0.7419196192985438,
          -0.6685392095074063,
          0.0510940686465079,
          0.08023980649514022
        ],
        [
          0.46454899965830426,
          0.5674945680929805,
          0.6798118431500879,
          2.600158308221467
        ],
        [
          0.0,
          0.0,
          0.0,
          1.0
        ]
      ]
    },
    {
      "file_path": "./images/29.png",
      "sharpness": 129.35443345603946,
      "transform_matrix": [
        [
          -0.3977785385015657,
          -0.539285033230137,
          0.7422559445551646,
          3.7733278199523057
        ],
        [
          0.6717740618961725,
          -0.7222110188152396,
          -0.1647144622220798,
          -0.8992983369688022
        ],
        [
          0.6248934661717719,
          0.4331084127876329,
          0.6495577408468743,
          2.963648620861656
        ],
        [
          0.0,
          0.0,
          0.0,
          1.0
        ]
      ]
    },
    {
      "file_path": "./images/22.png",
      "sharpness": 114.15364134882705,
      "transform_matrix": [
        [
          -0.33905834239712224,
          -0.5267663716124455,
          0.7794591908336999,
          2.947572044165511
        ],
        [
          0.8027016484485298,
          -0.5940815789702165,
          -0.052317694005042374,
          0.237069124171686
        ],
        [
          0.49062154867549806,
          0.6079344267731784,
          0.6242645502548674,
          2.6481733465688726
        ],
        [
          0.0,
          0.0,
          0.0,
          1.0
        ]
      ]
    },
    {
      "file_path": "./images/23.png",
      "sharpness": 123.75736106770829,
      "transform_matrix": [
        [
          -0.4527115636684711,
          -0.47651879469299413,
          0.75364585742319,
          2.775530945536389
        ],
        [
          0.757598735629858,
          -0.6512834887175917,
          0.043289410894826845,
          0.09275061236547959
        ],
        [
          0.47020888537756333,
          0.5905587655929732,
          0.6558536029320741,
          2.627510982010017
        ],
        [
          0.0,
          0.0,
          0.0,
          1.0
        ]
      ]
    },
    {
      "file_path": "./images/19.png",
      "sharpness": 103.533529437735,
      "transform_matrix": [
        [
          -0.21791989211427018,
          -0.32066054961550133,
          0.9217850793580576,
          3.159871488806484
        ],
        [
          0.9295582025986819,
          -0.35597774773844737,
          0.09592388178294257,
          0.532326893944277
        ],
        [
          0.29737597179501674,
          0.8777566035196805,
          0.3756472765271342,
          1.6964503351391012
        ],
        [
          0.0,
          0.0,
          0.0,
          1.0
        ]
      ]
    },
    {
      "file_path": "./images/16.png",
      "sharpness": 69.342455202304,
      "transform_matrix": [
        [
          -0.1216996428459944,
          0.21480395920152973,
          0.9690451258989213,
          2.7286849126612434
        ],
        [
          0.9869711560194102,
          0.12971213909485343,
          0.09519820458855574,
          1.139640293839532
        ],
        [
          -0.10524796490529159,
          0.9680051756414406,
          -0.22779123293131368,
          -0.08500950776271338
        ],
        [
          0.0,
          0.0,
          0.0,
          1.0
        ]
      ]
    },
    {
      "file_path": "./images/31.png",
      "sharpness": 86.31716905164247,
      "transform_matrix": [
        [
          -0.2514362491980656,
          -0.23796954167989062,
          0.9381632639406758,
          2.628943425470258
        ],
        [
          0.9409915472274358,
          -0.2869652484445007,
          0.1794041644763036,
          0.35651153551457615
        ],
        [
          0.2265275273223501,
          0.9279124114939126,
          0.29608079293744033,
          1.3559214525576408
        ],
        [
          0.0,
          0.0,
          0.0,
          1.0
        ]
      ]
    },
    {
      "file_path": "./images/3.png",
      "sharpness": 107.01833550345341,
      "transform_matrix": [
        [
          -0.11356289766436059,
          0.12399736864841708,
          0.985762710203776,
          3.510138129135353
        ],
        [
          0.9607459906631626,
          0.2664834186027673,
          0.0771604110550155,
          0.5613381370636817
        ],
        [
          -0.2531217290115791,
          0.9558301314379115,
          -0.14939260397778387,
          -1.1357534625194696
        ],
        [
          0.0,
          0.0,
          0.0,
          1.0
        ]
      ]
    },
    {
      "file_path": "./images/0.png",
      "sharpness": 114.0044507757823,
      "transform_matrix": [
        [
          -0.16172655756455037,
          -0.07075293729381026,
          0.984295962822448,
          3.315297063382184
        ],
        [
          0.9867960709783599,
          -0.02052334939560558,
          0.16066208772138937,
          0.6118382994848209
        ],
        [
          0.00883373533564504,
          0.9972827151713677,
          0.07313789117915598,
          0.26631116820172346
        ],
        [
          0.0,
          0.0,
          0.0,
          1.0
        ]
      ]
    },
    {
      "file_path": "./images/1.png",
      "sharpness": 88.09208107736373,
      "transform_matrix": [
        [
          -0.12354050181314608,
          0.20741215441297947,
          0.9704215283058563,
          3.2753911786009366
        ],
        [
          0.9768007778095208,
          0.19779702606133154,
          0.08207665290291948,
          0.7989894069145507
        ],
        [
          -0.17492279691918974,
          0.9580482945390344,
          -0.22703629761451166,
          -0.5397305861342402
        ],
        [
          0.0,
          0.0,
          0.0,
          1.0
        ]
      ]
    },
    {
      "file_path": "./images/13.png",
      "sharpness": 99.798570706769,
      "transform_matrix": [
        [
          -0.24946916044347925,
          0.32358439973157566,
          0.9127202606625607,
          3.001811164545809
        ],
        [
          0.9093762833046338,
          0.4022569276379059,
          0.10594403961573767,
          0.6637378974931828
        ],
        [
          -0.33286620938279354,
          0.8564359289550849,
          -0.39461067678366296,
          -1.5200572626377133
        ],
        [
          0.0,
          0.0,
          0.0,
          1.0
        ]
      ]
    },
    {
      "file_path": "./images/14.png",
      "sharpness": 87.32071480791537,
      "transform_matrix": [
        [
          -0.15335115180671313,
          0.34871649481679956,
          0.9245973342316053,
          3.0563853279000823
        ],
        [
          0.9550945154860748,
          0.29236405437679,
          0.04814276889132103,
          0.9198046002103812
        ],
        [
          -0.25353084768336737,
          0.8904605920183,
          -0.3778915761446149,
          -0.9632300772380469
        ],
        [
          0.0,
          0.0,
          0.0,
          1.0
        ]
      ]
    },
    {
      "file_path": "./images/11.png",
      "sharpness": 136.19807506566454,
      "transform_matrix": [
        [
          -0.7793471722933604,
          0.4095458420085837,
          0.47422588322209425,
          2.7586448487023167
        ],
        [
          0.35227666292839865,
          0.9122796920899955,
          -0.20891844379075897,
          -1.1538165236954734
        ],
        [
          -0.5181883227003676,
          0.004238713207494533,
          -0.8552560409099802,
          -4.301318546798256
        ],
        [
          0.0,
          0.0,
          0.0,
          1.0
        ]
      ]
    },
    {
      "file_path": "./images/12.png",
      "sharpness": 108.35670220382,
      "transform_matrix": [
        [
          -0.320189151861264,
          0.5586498512098385,
          0.7651073459061419,
          3.038985218622704
        ],
        [
          0.7776075099672497,
          0.6162869635512355,
          -0.12456700606127444,
          0.2038374101081634
        ],
        [
          -0.5411150224010272,
          0.5550682140870697,
          -0.631738719905481,
          -2.9315878995631786
        ],
        [
          0.0,
          0.0,
          0.0,
          1.0
        ]
      ]
    },
    {
      "file_path": "./images/6.png",
      "sharpness": 112.55846027538041,
      "transform_matrix": [
        [
          -0.13652805772868132,
          0.42089074710552765,
          0.8967781601041231,
          3.3483914827510173
        ],
        [
          0.8818353568578093,
          0.46409436125081927,
          -0.08356331282561782,
          0.47715882317878
        ],
        [
          -0.4513607125629951,
          0.7794019520402531,
          -0.4345182439163604,
          -2.2084831618992715
        ],
        [
          0.0,
          0.0,
          0.0,
          1.0
        ]
      ]
    },
    {
      "file_path": "./images/10.png",
      "sharpness": 128.16874126752222,
      "transform_matrix": [
        [
          -0.5675939622425763,
          0.5442909780488896,
          0.6177252020326734,
          3.352305233459721
        ],
        [
          0.48853506546659786,
          0.8265885261957081,
          -0.279436751646758,
          -1.1634889591762132
        ],
        [
          -0.6626994671987522,
          0.1431738089520214,
          -0.7350718853216666,
          -4.329510020049424
        ],
        [
          0.0,
          0.0,
          0.0,
          1.0
        ]
      ]
    },
    {
      "file_path": "./images/46.png",
      "sharpness": 124.56497046576492,
      "transform_matrix": [
        [
          -0.4383367539287366,
          0.4631753844109215,
          0.770278815375942,
          3.441124870974773
        ],
        [
          0.6899960164001336,
          0.722601943991291,
          -0.04185603769699187,
          -0.5920565360439561
        ],
        [
          -0.5759916557561866,
          0.5131422744303957,
          -0.6363321606498735,
          -2.9774844416069746
        ],
        [
          0.0,
          0.0,
          0.0,
          1.0
        ]
      ]
    },
    {
      "file_path": "./images/17.png",
      "sharpness": 92.84191581721836,
      "transform_matrix": [
        [
          -0.2584955283029697,
          -0.017889499223777455,
          0.9658467930530403,
          2.930812223892832
        ],
        [
          0.9656232476032302,
          -0.03316402665479465,
          0.257821432437199,
          0.740273760856078
        ],
        [
          0.027419072473800512,
          0.9992898043807238,
          0.025847268929244327,
          0.4646235989644208
        ],
        [
          0.0,
          0.0,
          0.0,
          1.0
        ]
      ]
    },
    {
      "file_path": "./images/36.png",
      "sharpness": 106.03392655647062,
      "transform_matrix": [
        [
          -0.2591854783342163,
          -0.08454747913506286,
          0.9621198530217121,
          3.072001631914371
        ],
        [
          0.9638292465478294,
          -0.0866894155924461,
          0.2520280316215272,
          0.44164170933475916
        ],
        [
          0.0620972730433703,
          0.9926412589560819,
          0.10395797075910776,
          0.5586112312032852
        ],
        [
          0.0,
          0.0,
          0.0,
          1.0
        ]
      ]
    },
    {
      "file_path": "./images/20.png",
      "sharpness": 114.15695887055102,
      "transform_matrix": [
        [
          -0.27491259694438186,
          -0.48728559331562576,
          0.8288400416089259,
          3.1711315099279496
        ],
        [
          0.8837382965547231,
          -0.4676275031938559,
          0.018197292627591087,
          0.4314356226443959
        ],
        [
          0.37872112066989994,
          0.7374803514614262,
          0.5591896314780488,
          1.8938883160195392
        ],
        [
          0.0,
          0.0,
          0.0,
          1.0
        ]
      ]
    },
    {
      "file_path": "./images/40.png",
      "sharpness": 125.17822969605126,
      "transform_matrix": [
        [
          -0.141866545300148,
          -0.20580252928407042,
          0.9682557525007697,
          4.1586009468882095
        ],
        [
          0.9750446351314703,
          -0.19779623009647093,
          0.10081969480562587,
          -0.21756356494585716
        ],
        [
          0.17076838942122816,
          0.9583955187113498,
          0.22872731991209974,
          0.8843759067761672
        ],
        [
          0.0,
          0.0,
          0.0,
          1.0
        ]
      ]
    },
    {
      "file_path": "./images/28.png",
      "sharpness": 137.69045473263583,
      "transform_matrix": [
        [
          -0.4940357426073473,
          -0.4664570812098344,
          0.7337209799382598,
          4.578032070293552
        ],
        [
          0.40884131547642716,
          -0.869412193682035,
          -0.2774368689201816,
          -2.205496471106913
        ],
        [
          0.7673183588151583,
          0.16291172106697227,
          0.6202276254327102,
          3.839174265226298
        ],
        [
          0.0,
          0.0,
          0.0,
          1.0
        ]
      ]
    },
    {
      "file_path": "./images/47.png",
      "sharpness": 132.13584634806313,
      "transform_matrix": [
        [
          -0.5338110849382413,
          0.519628092277589,
          0.6671074660794636,
          3.3548036928700053
        ],
        [
          0.6155761551934117,
          0.7796802280853281,
          -0.11473769689969109,
          -0.6959628372784161
        ],
        [
          -0.579751431862572,
          0.3494071946046762,
          -0.7360726116338501,
          -3.215824407557594
        ],
        [
          0.0,
          0.0,
          0.0,
          1.0
        ]
      ]
    },
    {
      "file_path": "./images/42.png",
      "sharpness": 116.19219941430623,
      "transform_matrix": [
        [
          -0.37005600471018796,
          -0.39719636369127376,
          0.8398176004551904,
          2.850290292352784
        ],
        [
          0.8749026033195825,
          -0.4530054601907082,
          0.1712643796641909,
          -0.018834874459968377
        ],
        [
          0.3124163697380016,
          0.7981360170395503,
          0.5151455233326406,
          1.5192570069702904
        ],
        [
          0.0,
          0.0,
          0.0,
          1.0
        ]
      ]
    },
    {
      "file_path": "./images/7.png",
      "sharpness": 129.5119431303978,
      "transform_matrix": [
        [
          -0.2837545968186913,
          0.5966169050348199,
          0.7506874165702301,
          3.3134095801546457
        ],
        [
          0.8235259094221475,
          0.55266150054187,
          -0.12794663859973565,
          0.4065619305662688
        ],
        [
          -0.4912111616105861,
          0.5819050905725865,
          -0.6481497205588984,
          -2.471221694481109
        ],
        [
          0.0,
          0.0,
          0.0,
          1.0
        ]
      ]
    },
    {
      "file_path": "./images/38.png",
      "sharpness": 130.54010090885754,
      "transform_matrix": [
        [
          -0.253365365982942,
          -0.2583920934884439,
          0.9322228903695405,
          4.01794994978273
        ],
        [
          0.9382591052425675,
          -0.3002704958320667,
          0.17177741633264673,
          -0.2941902874188465
        ],
        [
          0.2355331032970356,
          0.9181890629614906,
          0.3185168785085922,
          1.076968178930826
        ],
        [
          0.0,
          0.0,
          0.0,
          1.0
        ]
      ]
    },
    {
      "file_path": "./images/5.png",
      "sharpness": 102.80772553499949,
      "transform_matrix": [
        [
          -0.1753130266883019,
          0.4158283840171371,
          0.8923856216373248,
          3.4520802876138577
        ],
        [
          0.8983906084114387,
          0.43831963090509346,
          -0.02775276348556187,
          0.5017206856725789
        ],
        [
          -0.4026905230932956,
          0.7968454405947577,
          -0.4504194560627725,
          -1.861299323790271
        ],
        [
          0.0,
          0.0,
          0.0,
          1.0
        ]
      ]
    },
    {
      "file_path": "./images/9.png",
      "sharpness": 123.51786282356996,
      "transform_matrix": [
        [
          -0.4375967851225998,
          0.5205734491999917,
          0.7331523290724378,
          3.2194960604125358
        ],
        [
          0.6758775387882342,
          0.7281993353044185,
          -0.11364541620100597,
          -0.31508271217116457
        ],
        [
          -0.5930418250049619,
          0.4457903229568608,
          -0.6705015896614199,
          -3.4119131361724993
        ],
        [
          0.0,
          0.0,
          0.0,
          1.0
        ]
      ]
    },
    {
      "file_path": "./images/8.png",
      "sharpness": 123.45918047940171,
      "transform_matrix": [
        [
          -0.3999955660497033,
          0.46055054193837874,
          0.7923993598223021,
          3.1259838969336995
        ],
        [
          0.7195007030873941,
          0.6933511637904212,
          -0.039785700030941916,
          -0.16700531769793842
        ],
        [
          -0.567734344030226,
          0.5542177929135871,
          -0.608703829963514,
          -3.1780564133545806
        ],
        [
          0.0,
          0.0,
          0.0,
          1.0
        ]
      ]
    },
    {
      "file_path": "./images/41.png",
      "sharpness": 138.135605160108,
      "transform_matrix": [
        [
          -0.23402275675508444,
          -0.3380240191039252,
          0.9115772659602319,
          4.15533350149065
        ],
        [
          0.9014506772523564,
          -0.4266448359417385,
          0.0732178970283432,
          -0.4875942357435245
        ],
        [
          0.3641703252599638,
          0.8388765978740851,
          0.4045565816112031,
          1.6405083099112652
        ],
        [
          0.0,
          0.0,
          0.0,
          1.0
        ]
      ]
    },
    {
      "file_path": "./images/45.png",
      "sharpness": 119.48624341948711,
      "transform_matrix": [
        [
          -0.3222610494832838,
          0.420802510077754,
          0.8479817589336138,
          3.3937708958294777
        ],
        [
          0.7972343484431853,
          0.6036602784361931,
          0.003414952480770784,
          -0.1624591781508686
        ],
        [
          -0.5104558841309734,
          0.6771406912455344,
          -0.530014409805314,
          -2.4040667238854976
        ],
        [
          0.0,
          0.0,
          0.0,
          1.0
        ]
      ]
    },
    {
      "file_path": "./images/43.png",
      "sharpness": 106.13293379776094,
      "transform_matrix": [
        [
          -0.14455151201139504,
          0.04928141044954744,
          0.9882692967735435,
          3.195708629668815
        ],
        [
          0.9805002190487562,
          0.1415121670300565,
          0.13635845051751086,
          0.5181612530089007
        ],
        [
          -0.13313219302747642,
          0.9887090821634569,
          -0.06877623145301673,
          -0.3612555755430687
        ],
        [
          0.0,
          0.0,
          0.0,
          1.0
        ]
      ]
    },
    {
      "file_path": "./images/15.png",
      "sharpness": 98.72908739592832,
      "transform_matrix": [
        [
          -0.15582328874816975,
          -0.015689381735582125,
          0.9876603393730107,
          2.788784235183686
        ],
        [
          0.9824674106096354,
          0.10114768106569945,
          0.1566107713561482,
          0.9620369262122217
        ],
        [
          -0.10235667918385238,
          0.9947477016317383,
          -0.00034685806508483213,
          -0.3434016122525705
        ],
        [
          0.0,
          0.0,
          0.0,
          1.0
        ]
      ]
    },
    {
      "file_path": "./images/35.png",
      "sharpness": 114.83842842063899,
      "transform_matrix": [
        [
          -0.017322484641998225,
          -0.060618547349150315,
          0.9980106829233131,
          4.687882574919502
        ],
        [
          0.9996344627772418,
          -0.021772385055852113,
          0.016028227499414266,
          -0.32346302178383707
        ],
        [
          0.020757465010864118,
          0.9979235215946916,
          0.060973540819454296,
          0.21287871835143435
        ],
        [
          0.0,
          0.0,
          0.0,
          1.0
        ]
      ]
    },
    {
      "file_path": "./images/2.png",
      "sharpness": 91.67168450079909,
      "transform_matrix": [
        [
          -0.20967709465844186,
          0.3158913714724161,
          0.9253367805241626,
          3.4514095460882843
        ],
        [
          0.9455347420268085,
          0.3065093926343716,
          0.10961771684788743,
          0.5687295371196678
        ],
        [
          -0.24899712366795182,
          0.8979223984525881,
          -0.3629542653667644,
          -0.9126842651918344
        ],
        [
          0.0,
          0.0,
          0.0,
          1.0
        ]
      ]
    },
    {
      "file_path": "./images/48.png",
      "sharpness": 105.65812545592581,
      "transform_matrix": [
        [
          -0.4420489956825921,
          -0.503487796867478,
          0.7423561973927991,
          3.0573531562815717
        ],
        [
          0.6306418406346375,
          -0.7629817128839725,
          -0.14194990188560863,
          -0.748599731160504
        ],
        [
          0.63787424642273,
          0.4054120671645491,
          0.6547957708581285,
          3.5767533147859893
        ],
        [
          0.0,
          0.0,
          0.0,
          1.0
        ]
      ]
    },
    {
      "file_path": "./images/18.png",
      "sharpness": 96.6495365302933,
      "transform_matrix": [
        [
          -0.2698147016848273,
          -0.15572314433100612,
          0.9502369857358446,
          3.1131855174897245
        ],
        [
          0.9528498021532409,
          -0.18547101827810109,
          0.24016193685751336,
          0.5823075572735105
        ],
        [
          0.1388426493938641,
          0.9702323452063517,
          0.19842357473436664,
          0.939201556743193
        ],
        [
          0.0,
          0.0,
          0.0,
          1.0
        ]
      ]
    },
    {
      "file_path": "./images/44.png",
      "sharpness": 87.96530590375262,
      "transform_matrix": [
        [
          -0.13098050072262488,
          0.21763698018312413,
          0.9672012475556325,
          3.202262634809833
        ],
        [
          0.96499587687516,
          0.2515880877527313,
          0.0740701810083084,
          0.534348005279881
        ],
        [
          -0.22721590182831206,
          0.9430469653967798,
          -0.24297192224197614,
          -0.7465836699513827
        ],
        [
          0.0,
          0.0,
          0.0,
          1.0
        ]
      ]
    },
    {
      "file_path": "./images/34.png",
      "sharpness": 88.18578341531635,
      "transform_matrix": [
        [
          -0.005278528940024757,
          -0.06016743524426847,
          0.998174341913429,
          3.8319174822020363
        ],
        [
          0.9998268661674549,
          -0.01812853123135469,
          0.004194525586781628,
          0.4101322027375681
        ],
        [
          0.017843060885091414,
          0.998023665088765,
          0.06025271020235506,
          0.32587000969024793
        ],
        [
          0.0,
          0.0,
          0.0,
          1.0
        ]
      ]
    },
    {
      "file_path": "./images/50.png",
      "sharpness": 103.3450282042704,
      "transform_matrix": [
        [
          -0.1833606052375212,
          0.3206906303122095,
          0.9292665968724149,
          3.8446345221884193
        ],
        [
          0.845922747389194,
          0.5330333202802273,
          -0.017034814947403103,
          -0.22325854591264702
        ],
        [
          -0.5007929650991452,
          0.782964238704455,
          -0.3690168112740247,
          -2.3386178970229445
        ],
        [
          0.0,
          0.0,
          0.0,
          1.0
        ]
      ]
    },
    {
      "file_path": "./images/37.png",
      "sharpness": 86.37356292707655,
      "transform_matrix": [
        [
          0.011609125811572306,
          -0.06631694620554843,
          0.9977310713964024,
          3.7815146785333087
        ],
        [
          0.9986033738182833,
          -0.05066261390239181,
          -0.014986705810720188,
          0.4735659785411669
        ],
        [
          0.05154153661162354,
          0.9965115966130355,
          0.06563617756345028,
          0.5295804328565381
        ],
        [
          0.0,
          0.0,
          0.0,
          1.0
        ]
      ]
    },
    {
      "file_path": "./images/33.png",
      "sharpness": 98.73497702516156,
      "transform_matrix": [
        [
          -0.10217419121849992,
          -0.1319446487212866,
          0.9859772027327067,
          3.4171203283389975
        ],
        [
          0.985723585725091,
          -0.14677065983904808,
          0.08250688429105753,
          0.35645289975624594
        ],
        [
          0.13382618276646682,
          0.9803310578932759,
          0.14505712571844442,
          0.9099181336882763
        ],
        [
          0.0,
          0.0,
          0.0,
          1.0
        ]
      ]
    },
    {
      "file_path": "./images/49.png",
      "sharpness": 110.63184459304688,
      "transform_matrix": [
        [
          -0.20038881311438614,
          0.303699863476388,
          0.9314562343389958,
          4.41517686556362
        ],
        [
          0.8442428988667455,
          0.5359164446713209,
          0.00689144713853518,
          -0.6525819427334076
        ],
        [
          -0.4970897819187635,
          0.7877562803585879,
          -0.3637881134029082,
          -2.1614152800539994
        ],
        [
          0.0,
          0.0,
          0.0,
          1.0
        ]
      ]
    }
  ]
}