{
  "camera_angle_x": 1.2235306391055296,
  "camera_angle_y": 0.7521676402860731,
  "fl_x": 912.266,
  "fl_y": 911.672,
  "k1": 0,
  "k2": 0,
  "k3": 0,
  "k4": 0,
  "p1": 0,
  "p2": 0,
  "is_fisheye": false,
  "cx": 637.773,
  "cy": 375.817,
  "w": 1280,
  "h": 720,
  "aabb_scale": 2,
  "frames": [
    {
      "file_path": "./images/0.png",
      "sharpness": 50,
      "transform_matrix": [
        [
          0.2627187539174685,
          0.9648013790162614,
          0.011711335891868908,
          0.04759638521629538
        ],
        [
          -0.9614754290260582,
          0.2607568999689097,
          0.087010565437542,
          0.8155479408180674
        ],
        [
          0.08089410188146683,
          -0.03411946903050834,
          0.9961385476498071,
          5.191033953320046
        ],
        [
          0.0,
          0.0,
          0.0,
          1.0
        ]
      ]
    },
    {
      "file_path": "./images/1.png",
      "sharpness": 50,
      "transform_matrix": [
        [
          0.2591162688203559,
          0.9658453021461788,
          0.0012694702729200672,
          -0.0043684041700592195
        ],
        [
          -0.9576731761500417,
          0.25675278724354134,
          0.13015411605233085,
          1.048090430443209
        ],
        [
          0.12538280151323725,
          -0.03494078655138696,
          0.9914929624157008,
          5.275531999071453
        ],
        [
          0.0,
          0.0,
          0.0,
          1.0
        ]
      ]
    },
    {
      "file_path": "./images/2.png",
      "sharpness": 50,
      "transform_matrix": [
        [
          0.2611075159649064,
          0.9652906380614034,
          0.006070352349248752,
          0.016043848735600687
        ],
        [
          -0.9596686296708097,
          0.25889766612203696,
          0.10958156643483666,
          0.9220689485999416
        ],
        [
          0.10420646012789267,
          -0.03443809732796614,
          0.9939592703526858,
          5.011665469094887
        ],
        [
          0.0,
          0.0,
          0.0,
          1.0
        ]
      ]
    },
    {
      "file_path": "./images/3.png",
      "sharpness": 50,
      "transform_matrix": [
        [
          0.26226841807419243,
          0.964947141553256,
          0.009606814719827762,
          0.023172649822801376
        ],
        [
          -0.9593427648933947,
          0.25964341440771843,
          0.11066506585819459,
          0.9081911024183367
        ],
        [
          0.10429159279422928,
          -0.038240179953843136,
          0.9938113263137728,
          4.4642265501358365
        ],
        [
          0.0,
          0.0,
          0.0,
          1.0
        ]
      ]
    },
    {
      "file_path": "./images/4.png",
      "sharpness": 50,
      "transform_matrix": [
        [
          0.26140239348316496,
          0.9650987332966785,
          0.015913003186684902,
          0.030714740802098406
        ],
        [
          -0.9616092720107471,
          0.25895984914553666,
          0.09081522181595957,
          0.813499898849707
        ],
        [
          0.0835248266339631,
          -0.03904140775724913,
          0.9957406147265957,
          3.654404127708512
        ],
        [
          0.0,
          0.0,
          0.0,
          1.0
        ]
      ]
    }
  ]
}