{
  "camera_angle_x": 1.2235306391055296,
  "camera_angle_y": 0.7521676402860731,
  "fl_x": 912.266,
  "fl_y": 911.672,
  "k1": 0,
  "k2": 0,
  "k3": 0,
  "k4": 0,
  "p1": 0,
  "p2": 0,
  "is_fisheye": false,
  "cx": 637.773,
  "cy": 375.817,
  "w": 1280,
  "h": 720,
  "aabb_scale": 2,
  "frames": [
    {
      "file_path": "C://Users//HP//Desktop//hzq//hanglok-robotics//calibration//saved_07_19_14_57\\images\\0.png",
      "sharpness": 50,
      "transform_matrix": [
        [
          0.2627187538506998,
          -0.9648013790746034,
          -0.011711332583391224,
          -0.4524036321281603
        ],
        [
          0.9614754291877694,
          0.2607569002613406,
          0.08701056277425165,
          -0.3155479266833683
        ],
        [
          -0.08089410017628061,
          -0.03411946514587628,
          0.9961385479213366,
          -5.191033952327151
        ],
        [
          0.0,
          0.0,
          0.0,
          1.0
        ]
      ]
    },
    {
      "file_path": "C://Users//HP//Desktop//hzq//hanglok-robotics//calibration//saved_07_19_14_57\\images\\1.png",
      "sharpness": 50,
      "transform_matrix": [
        [
          0.2591162688890246,
          -0.9658453021258967,
          -0.0012694716877061304,
          -0.504368396600609
        ],
        [
          0.9576731760586097,
          0.2567527871005845,
          0.13015411700709695,
          -0.548090435636015
        ],
        [
          -0.12538280206968505,
          -0.034940788162506536,
          0.9914929622885567,
          -5.275531999357065
        ],
        [
          0.0,
          0.0,
          0.0,
          1.0
        ]
      ]
    },
    {
      "file_path": "C://Users//HP//Desktop//hzq//hanglok-robotics//calibration//saved_07_19_14_57\\images\\2.png",
      "sharpness": 50,
      "transform_matrix": [
        [
          0.26110751602705834,
          -0.9652906380272223,
          -0.0060703551113018795,
          -0.48395613724032593
        ],
        [
          0.9596686294523231,
          0.25889766580357704,
          0.10958156910064282,
          -0.4220689623047413
        ],
        [
          -0.10420646198426879,
          -0.0344381006801683,
          0.9939592700419188,
          -5.011665469421688
        ],
        [
          0.0,
          0.0,
          0.0,
          1.0
        ]
      ]
    },
    {
      "file_path": "C://Users//HP//Desktop//hzq//hanglok-robotics//calibration//saved_07_19_14_57\\images\\3.png",
      "sharpness": 50,
      "transform_matrix": [
        [
          0.26226841808288137,
          -0.9649471415455227,
          -0.009606815259362399,
          -0.47682734773015184
        ],
        [
          0.9593427648524195,
          0.2596434143403135,
          0.11066506637154881,
          -0.40819110478128445
        ],
        [
          -0.10429159314929412,
          -0.03824018060664633,
          0.9938113262513932,
          -4.464226550209843
        ],
        [
          0.0,
          0.0,
          0.0,
          1.0
        ]
      ]
    },
    {
      "file_path": "C://Users//HP//Desktop//hzq//hanglok-robotics//calibration//saved_07_19_14_57\\images\\4.png",
      "sharpness": 50,
      "transform_matrix": [
        [
          0.26140239348184824,
          -0.9650987332972969,
          -0.015913003170818545,
          -0.4692852592565943
        ],
        [
          0.9616092720099501,
          0.25895984914517944,
          0.0908152218254198,
          -0.3134998988846759
        ],
        [
          -0.08352482664726374,
          -0.039041407744332554,
          0.9957406147259863,
          -3.654404127693083
        ],
        [
          0.0,
          0.0,
          0.0,
          1.0
        ]
      ]
    }
  ]
}