{
  "camera_angle_x": 1.2235306391055296,
  "camera_angle_y": 0.7521676402860731,
  "fl_x": 912.266,
  "fl_y": 911.672,
  "k1": 0,
  "k2": 0,
  "k3": 0,
  "k4": 0,
  "p1": 0,
  "p2": 0,
  "is_fisheye": false,
  "cx": 637.773,
  "cy": 375.817,
  "w": 1280,
  "h": 720,
  "aabb_scale": 2,
  "frames": [
    {
      "file_path": "/root/autodl-tmp/data/saved_07_19_15_27/images/0.png",
      "sharpness": 50,
      "transform_matrix": [
        [
          0.26205704929216783,
          -0.9649613076454442,
          -0.013258116890276015,
          0.002241535534529928
        ],
        [
          -0.9614900409905434,
          -0.25988573088014827,
          -0.08942207759213681,
          0.08076857373935604
        ],
        [
          0.08284324952755692,
          0.03618123314765958,
          -0.9959055750298969,
          0.36486984192689803
        ],
        [
          0.0,
          0.0,
          0.0,
          1.0
        ]
      ]
    },
    {
      "file_path": "/root/autodl-tmp/data/saved_07_19_15_27/images/1.png",
      "sharpness": 50,
      "transform_matrix": [
        [
          0.26272985938912224,
          -0.9648550288048113,
          -0.005272037124236059,
          -0.00029312189728556847
        ],
        [
          -0.9601981315609497,
          -0.26091696998193104,
          -0.09970899118088375,
          0.08489917108140949
        ],
        [
          0.09482915760584232,
          0.03125872942899621,
          -0.9950026747211542,
          0.40167016795050614
        ],
        [
          0.0,
          0.0,
          0.0,
          1.0
        ]
      ]
    },
    {
      "file_path": "/root/autodl-tmp/data/saved_07_19_15_27/images/2.png",
      "sharpness": 50,
      "transform_matrix": [
        [
          0.26283681577552315,
          -0.9648045864296042,
          -0.008301703282119365,
          0.001665919503038272
        ],
        [
          -0.9603583297719672,
          -0.260777797555529,
          -0.09852318884245087,
          0.0664246155666011
        ],
        [
          0.09289072456699601,
          0.033868131133678925,
          -0.9951001271143173,
          0.40235593527742036
        ],
        [
          0.0,
          0.0,
          0.0,
          1.0
        ]
      ]
    },
    {
      "file_path": "/root/autodl-tmp/data/saved_07_19_15_27/images/3.png",
      "sharpness": 50,
      "transform_matrix": [
        [
          0.2633749915919588,
          -0.9646923213856586,
          0.0015293343272225989,
          -0.002901676097090278
        ],
        [
          -0.9602321336747253,
          -0.2623089250257778,
          -0.0956466272813895,
          0.07940252126814148
        ],
        [
          0.09267072494817132,
          0.02372241369190425,
          -0.9954141770269351,
          0.40134596839407183
        ],
        [
          0.0,
          0.0,
          0.0,
          1.0
        ]
      ]
    },
    {
      "file_path": "/root/autodl-tmp/data/saved_07_19_15_27/images/4.png",
      "sharpness": 50,
      "transform_matrix": [
        [
          0.26364666848451757,
          -0.9645800879167852,
          -0.008699896060383742,
          3.3720590863415015e-05
        ],
        [
          -0.9601329223745922,
          -0.2615409498705038,
          -0.09869702585822639,
          0.10605253798241675
        ],
        [
          0.09292580680004582,
          0.03437419868566315,
          -0.9950794987815189,
          0.4019475728658402
        ],
        [
          0.0,
          0.0,
          0.0,
          1.0
        ]
      ]
    },
    {
      "file_path": "/root/autodl-tmp/data/saved_07_19_15_27/images/5.png",
      "sharpness": 50,
      "transform_matrix": [
        [
          0.2617871335749486,
          -0.965080614077511,
          -0.009322286542866615,
          0.0007583842587213935
        ],
        [
          -0.9618892508154121,
          -0.2601067381159001,
          -0.08434188729493937,
          0.10031465540966027
        ],
        [
          0.0789719308386095,
          0.031046628133848068,
          -0.9963932662463856,
          0.42333085688626904
        ],
        [
          0.0,
          0.0,
          0.0,
          1.0
        ]
      ]
    },
    {
      "file_path": "/root/autodl-tmp/data/saved_07_19_15_27/images/6.png",
      "sharpness": 50,
      "transform_matrix": [
        [
          0.26326895242993703,
          -0.96472227939982,
          -0.0006183171180868122,
          0.03781747262419609
        ],
        [
          -0.9610776840708884,
          -0.26221858813626314,
          -0.08701205213510105,
          0.10327561034436669
        ],
        [
          0.08378033102930547,
          0.023501822598259416,
          -0.9962070670634594,
          0.4224401065336824
        ],
        [
          0.0,
          0.0,
          0.0,
          1.0
        ]
      ]
    },
    {
      "file_path": "/root/autodl-tmp/data/saved_07_19_15_27/images/7.png",
      "sharpness": 50,
      "transform_matrix": [
        [
          0.21948891340382531,
          -0.9754223875937198,
          0.019385114747535816,
          0.02977025605591973
        ],
        [
          -0.9714671779136305,
          -0.22034287362429522,
          -0.08775272234816797,
          0.10158768669839123
        ],
        [
          0.08986734183970752,
          0.0004287469591064491,
          -0.9959536520575193,
          0.42229456505380003
        ],
        [
          0.0,
          0.0,
          0.0,
          1.0
        ]
      ]
    },
    {
      "file_path": "/root/autodl-tmp/data/saved_07_19_15_27/images/8.png",
      "sharpness": 50,
      "transform_matrix": [
        [
          0.16659812030836083,
          -0.9859685229980297,
          0.01054219933435103,
          0.034601070988015174
        ],
        [
          -0.979575193451381,
          -0.1667198036942141,
          -0.11241417806866086,
          0.10227160544650318
        ],
        [
          0.11259443451792328,
          0.008401113809898298,
          -0.9936055125664018,
          0.4221045161514416
        ],
        [
          0.0,
          0.0,
          0.0,
          1.0
        ]
      ]
    },
    {
      "file_path": "/root/autodl-tmp/data/saved_07_19_15_27/images/9.png",
      "sharpness": 50,
      "transform_matrix": [
        [
          0.30048995313481375,
          -0.9536877390501152,
          -0.01361926762044127,
          0.04306913679727682
        ],
        [
          -0.952386185093063,
          -0.30079172763809137,
          0.04984868131028379,
          0.07247401108944121
        ],
        [
          -0.0516366392101523,
          -0.0020082255779659023,
          -0.9986639197052773,
          0.42799157970044577
        ],
        [
          0.0,
          0.0,
          0.0,
          1.0
        ]
      ]
    },
    {
      "file_path": "/root/autodl-tmp/data/saved_07_19_15_27/images/10.png",
      "sharpness": 50,
      "transform_matrix": [
        [
          0.2991509454202892,
          -0.9530450480062163,
          -0.04705154965541726,
          0.04276327700537226
        ],
        [
          -0.9536586341584512,
          -0.3002853509048929,
          0.019076622525044173,
          0.08534324353866114
        ],
        [
          -0.032309771729073164,
          0.039164326915630814,
          -0.9987102853921456,
          0.42392922260949334
        ],
        [
          0.0,
          0.0,
          0.0,
          1.0
        ]
      ]
    },
    {
      "file_path": "/root/autodl-tmp/data/saved_07_19_15_27/images/11.png",
      "sharpness": 50,
      "transform_matrix": [
        [
          0.295814904558914,
          -0.9481203264144031,
          -0.11645337642441186,
          0.05870858650608736
        ],
        [
          -0.9527808782772843,
          -0.3016022705338595,
          0.03527985824783167,
          0.07787538899146114
        ],
        [
          -0.06857215345872489,
          0.10051824236757201,
          -0.9925693641863865,
          0.4214534733844484
        ],
        [
          0.0,
          0.0,
          0.0,
          1.0
        ]
      ]
    },
    {
      "file_path": "/root/autodl-tmp/data/saved_07_19_15_27/images/12.png",
      "sharpness": 50,
      "transform_matrix": [
        [
          0.29777716707504337,
          -0.9490383201395343,
          -0.10322318380815936,
          0.05332077726128653
        ],
        [
          -0.9545847103659927,
          -0.29712989690184904,
          -0.02195119820352845,
          0.09199008878500511
        ],
        [
          -0.009838165694672404,
          0.10507183863351688,
          -0.9944159689093576,
          0.41899516280303206
        ],
        [
          0.0,
          0.0,
          0.0,
          1.0
        ]
      ]
    },
    {
      "file_path": "/root/autodl-tmp/data/saved_07_19_15_27/images/13.png",
      "sharpness": 50,
      "transform_matrix": [
        [
          0.29433490271494667,
          -0.9486497722528989,
          0.11589035614884638,
          0.008104950582706242
        ],
        [
          -0.9542774500551482,
          -0.29834649969576177,
          -0.01854493018404958,
          0.09226865083921654
        ],
        [
          0.05216812590104807,
          -0.10513313333012636,
          -0.9930888736241898,
          0.42667490521114987
        ],
        [
          0.0,
          0.0,
          0.0,
          1.0
        ]
      ]
    },
    {
      "file_path": "/root/autodl-tmp/data/saved_07_19_15_27/images/14.png",
      "sharpness": 50,
      "transform_matrix": [
        [
          0.2944222541165399,
          -0.952331604068208,
          0.07987522878721358,
          0.023429594179478985
        ],
        [
          -0.9552288264348511,
          -0.2907000851446485,
          0.05505769378380798,
          0.07614333289030689
        ],
        [
          -0.029213446028038777,
          -0.09250933136591219,
          -0.9952831748710508,
          0.43106315078633656
        ],
        [
          0.0,
          0.0,
          0.0,
          1.0
        ]
      ]
    },
    {
      "file_path": "/root/autodl-tmp/data/saved_07_19_15_27/images/15.png",
      "sharpness": 50,
      "transform_matrix": [
        [
          0.29548668092438324,
          -0.9514772615888941,
          0.08589902255317312,
          0.014324483740438656
        ],
        [
          -0.9535608273279849,
          -0.2882441963862578,
          0.08739011291450259,
          0.0720727597848246
        ],
        [
          -0.05838981059963078,
          -0.10773255742318245,
          -0.9924637656303629,
          0.4293392334636129
        ],
        [
          0.0,
          0.0,
          0.0,
          1.0
        ]
      ]
    },
    {
      "file_path": "/root/autodl-tmp/data/saved_07_19_15_27/images/16.png",
      "sharpness": 50,
      "transform_matrix": [
        [
          0.2997455360153888,
          -0.9399362432705507,
          0.16331709103854264,
          0.004683704386971055
        ],
        [
          -0.9531159207113922,
          -0.2875935667059203,
          0.09412747779390687,
          0.07005199699307925
        ],
        [
          -0.04150488315032699,
          -0.18387441087821807,
          -0.9820730857216616,
          0.4322039563791543
        ],
        [
          0.0,
          0.0,
          0.0,
          1.0
        ]
      ]
    },
    {
      "file_path": "/root/autodl-tmp/data/saved_07_19_15_27/images/17.png",
      "sharpness": 50,
      "transform_matrix": [
        [
          0.29877083696503665,
          -0.9190000026910463,
          0.2572449844663031,
          -0.02064993025046581
        ],
        [
          -0.95431277401472,
          -0.2890660558792517,
          0.07568318631468372,
          0.07858718210536432
        ],
        [
          0.004807944627532331,
          -0.26810410364683007,
          -0.9633779493408536,
          0.4279179600378941
        ],
        [
          0.0,
          0.0,
          0.0,
          1.0
        ]
      ]
    },
    {
      "file_path": "/root/autodl-tmp/data/saved_07_19_15_27/images/18.png",
      "sharpness": 50,
      "transform_matrix": [
        [
          0.2986960930185479,
          -0.9261223666141778,
          0.23038664473534323,
          -0.008769545977240794
        ],
        [
          -0.9532546416458961,
          -0.2779758543230558,
          0.1184694584858106,
          0.06800913487383035
        ],
        [
          -0.045675290869449624,
          -0.25500350285892465,
          -0.9658607463468374,
          0.4323606619464504
        ],
        [
          0.0,
          0.0,
          0.0,
          1.0
        ]
      ]
    },
    {
      "file_path": "/root/autodl-tmp/data/saved_07_19_15_27/images/19.png",
      "sharpness": 50,
      "transform_matrix": [
        [
          0.3026901898517558,
          -0.923633388159298,
          0.23511702032154924,
          -0.01097819864221129
        ],
        [
          -0.9481721040737252,
          -0.2667965774753179,
          0.17259561785822292,
          0.055170955566323204
        ],
        [
          -0.09668665897585373,
          -0.27517440019891476,
          -0.9565201197315478,
          0.43059070503133223
        ],
        [
          0.0,
          0.0,
          0.0,
          1.0
        ]
      ]
    },
    {
      "file_path": "/root/autodl-tmp/data/saved_07_19_15_27/images/20.png",
      "sharpness": 50,
      "transform_matrix": [
        [
          0.29940740196772103,
          -0.8951237905017987,
          0.33031592048315006,
          -0.031607872800188966
        ],
        [
          -0.9539075350021132,
          -0.28822561535081553,
          0.08358474335568361,
          0.07989878664075153
        ],
        [
          0.020386817140767413,
          -0.34011673633229983,
          -0.9401622111920547,
          0.4268213193378896
        ],
        [
          0.0,
          0.0,
          0.0,
          1.0
        ]
      ]
    },
    {
      "file_path": "/root/autodl-tmp/data/saved_07_19_15_27/images/21.png",
      "sharpness": 50,
      "transform_matrix": [
        [
          0.30384655545531003,
          -0.9293476135061737,
          0.20973860876892325,
          -0.01020885402163554
        ],
        [
          -0.9527196785031431,
          -0.2967560513851282,
          0.06527679648370999,
          0.07887935601173103
        ],
        [
          0.0015763663318118914,
          -0.2196562296787575,
          -0.9755760635811546,
          0.42890499232742757
        ],
        [
          0.0,
          0.0,
          0.0,
          1.0
        ]
      ]
    },
    {
      "file_path": "/root/autodl-tmp/data/saved_07_19_15_27/images/22.png",
      "sharpness": 50,
      "transform_matrix": [
        [
          0.29940875198455874,
          -0.938079833740779,
          0.17424300492106126,
          -0.011909068585251885
        ],
        [
          -0.9540344609958492,
          -0.29686072719716317,
          0.04113339130597655,
          0.08245646964539348
        ],
        [
          0.013139500272380202,
          -0.1785495286379768,
          -0.9838431883972916,
          0.445883336966815
        ],
        [
          0.0,
          0.0,
          0.0,
          1.0
        ]
      ]
    },
    {
      "file_path": "/root/autodl-tmp/data/saved_07_19_15_27/images/23.png",
      "sharpness": 50,
      "transform_matrix": [
        [
          0.29067351405683145,
          -0.9247904836849434,
          -0.24550248371782585,
          0.07145748881317555
        ],
        [
          -0.954427104227961,
          -0.2983828252740567,
          -0.006049156676798986,
          0.09235551323906037
        ],
        [
          -0.06765952217450007,
          0.2360725542439022,
          -0.9693770877176117,
          0.42376128824926834
        ],
        [
          0.0,
          0.0,
          0.0,
          1.0
        ]
      ]
    }
  ]
}