{
  "camera_angle_x": 1.2235306391055296,
  "camera_angle_y": 0.7521676402860731,
  "fl_x": 912.266,
  "fl_y": 911.672,
  "k1": 0,
  "k2": 0,
  "k3": 0,
  "k4": 0,
  "p1": 0,
  "p2": 0,
  "is_fisheye": false,
  "cx": 637.773,
  "cy": 375.817,
  "w": 1280,
  "h": 720,
  "aabb_scale": 2,
  "frames": [
    {
      "file_path": "C://Users//HP//Desktop//hzq//hanglok-robotics//calibration//saved_07_19_15_27\\images\\0.png",
      "sharpness": 50,
      "transform_matrix": [
        [
          0.26205704928713086,
          -0.9649613076530266,
          -0.01325811643796265,
          -0.47758464666810474
        ],
        [
          0.961490041003605,
          0.2598857309221571,
          0.089422077329604,
          -0.3076857243548073
        ],
        [
          -0.08284324939189378,
          -0.03618123264368897,
          0.995905575059491,
          -3.6486983646959743
        ],
        [
          0.0,
          0.0,
          0.0,
          1.0
        ]
      ]
    },
    {
      "file_path": "C://Users//HP//Desktop//hzq//hanglok-robotics//calibration//saved_07_19_15_27\\images\\1.png",
      "sharpness": 50,
      "transform_matrix": [
        [
          0.2627298593773461,
          -0.9648550288083286,
          -0.005272037067305588,
          -0.5029312191581996
        ],
        [
          0.9601981315488852,
          0.26091696997106906,
          0.09970899132548613,
          -0.34899169875633707
        ],
        [
          -0.0948291577606248,
          -0.0312587294110853,
          0.9950026747069652,
          -4.016701619534733
        ],
        [
          0.0,
          0.0,
          0.0,
          1.0
        ]
      ]
    },
    {
      "file_path": "C://Users//HP//Desktop//hzq//hanglok-robotics//calibration//saved_07_19_15_27\\images\\2.png",
      "sharpness": 50,
      "transform_matrix": [
        [
          0.26283681577652873,
          -0.9648045864255271,
          -0.008301703724110295,
          -0.48334080341961555
        ],
        [
          0.960358329728752,
          0.2607777974957379,
          0.09852318942195,
          -0.16424614817158031
        ],
        [
          -0.09289072501093268,
          -0.03386813171020262,
          0.9951001270532548,
          -4.023559292999602
        ],
        [
          0.0,
          0.0,
          0.0,
          1.0
        ]
      ]
    },
    {
      "file_path": "C://Users//HP//Desktop//hzq//hanglok-robotics//calibration//saved_07_19_15_27\\images\\3.png",
      "sharpness": 50,
      "transform_matrix": [
        [
          0.26337499283043575,
          -0.964692321066695,
          0.001529322242297374,
          -0.5290167115921071
        ],
        [
          0.9602321343905005,
          0.26230892532977335,
          0.09564661926175536,
          -0.29402516823645564
        ],
        [
          -0.09267071401166517,
          -0.023722423301428153,
          0.9954141778160868,
          -4.0134596371042655
        ],
        [
          0.0,
          0.0,
          0.0,
          1.0
        ]
      ]
    },
    {
      "file_path": "C://Users//HP//Desktop//hzq//hanglok-robotics//calibration//saved_07_19_15_27\\images\\4.png",
      "sharpness": 50,
      "transform_matrix": [
        [
          0.2636466684520897,
          -0.964580087930975,
          -0.008699895469838617,
          -0.49966279649709744
        ],
        [
          0.9601329223461508,
          0.26154094988487697,
          0.09869702609682136,
          -0.560525364959567
        ],
        [
          -0.09292580718591699,
          -0.034374198178118105,
          0.995079498763017,
          -4.019475668129174
        ],
        [
          0.0,
          0.0,
          0.0,
          1.0
        ]
      ]
    },
    {
      "file_path": "C://Users//HP//Desktop//hzq//hanglok-robotics//calibration//saved_07_19_15_27\\images\\5.png",
      "sharpness": 50,
      "transform_matrix": [
        [
          0.2617871335756974,
          -0.965080614078445,
          -0.009322286425108767,
          -0.49241615803331873
        ],
        [
          0.9618892508181948,
          0.2601067381281117,
          0.08434188722554119,
          -0.5031465388426849
        ],
        [
          -0.07897193080222922,
          -0.03104662800249964,
          0.9963932662533616,
          -4.233308505746909
        ],
        [
          0.0,
          0.0,
          0.0,
          1.0
        ]
      ]
    },
    {
      "file_path": "C://Users//HP//Desktop//hzq//hanglok-robotics//calibration//saved_07_19_15_27\\images\\6.png",
      "sharpness": 50,
      "transform_matrix": [
        [
          0.2632689540208769,
          -0.964722278929766,
          -0.0006183731171791718,
          -0.12182503822577027
        ],
        [
          0.9610776855487918,
          0.2622185852062985,
          0.08701204464086837,
          -0.5327560568755744
        ],
        [
          -0.08378030907636073,
          -0.02350187458408342,
          0.9962070676832722,
          -4.224401018430476
        ],
        [
          0.0,
          0.0,
          0.0,
          1.0
        ]
      ]
    },
    {
      "file_path": "C://Users//HP//Desktop//hzq//hanglok-robotics//calibration//saved_07_19_15_27\\images\\7.png",
      "sharpness": 50,
      "transform_matrix": [
        [
          0.21948891341079016,
          -0.9754223876043565,
          0.019385114133481263,
          -0.20229744122518148
        ],
        [
          0.971467177868239,
          0.22034287357577928,
          0.08775272297249853,
          -0.5158768545251761
        ],
        [
          -0.08986734231338385,
          -0.00042874769416500314,
          0.9959536520144618,
          -4.222945587319663
        ],
        [
          0.0,
          0.0,
          0.0,
          1.0
        ]
      ]
    },
    {
      "file_path": "C://Users//HP//Desktop//hzq//hanglok-robotics//calibration//saved_07_19_15_27\\images\\8.png",
      "sharpness": 50,
      "transform_matrix": [
        [
          0.16659812055849918,
          -0.9859685229525833,
          0.010542199631805515,
          -0.15398929670868097
        ],
        [
          0.9795751951469511,
          0.1667198041063141,
          0.11241416268230771,
          -0.5227159733775419
        ],
        [
          -0.11259441939629063,
          -0.008401110965425845,
          0.9936055143040214,
          -4.2210451104193165
        ],
        [
          0.0,
          0.0,
          0.0,
          1.0
        ]
      ]
    },
    {
      "file_path": "C://Users//HP//Desktop//hzq//hanglok-robotics//calibration//saved_07_19_15_27\\images\\9.png",
      "sharpness": 50,
      "transform_matrix": [
        [
          0.3004899529930329,
          -0.9536877390721827,
          -0.013619269203347975,
          -0.06930863153554205
        ],
        [
          0.9523861852356771,
          0.30079172758304873,
          -0.049848678917695566,
          -0.22474011048786327
        ],
        [
          0.05163663740484591,
          0.0020082233424688067,
          0.9986639198031173,
          -4.279915732579721
        ],
        [
          0.0,
          0.0,
          0.0,
          1.0
        ]
      ]
    },
    {
      "file_path": "C://Users//HP//Desktop//hzq//hanglok-robotics//calibration//saved_07_19_15_27\\images\\10.png",
      "sharpness": 50,
      "transform_matrix": [
        [
          0.2991509450961461,
          -0.9530450476928896,
          -0.047051558062837937,
          -0.07236720020711421
        ],
        [
          0.953658633186384,
          0.3002853520509177,
          -0.019076653079986378,
          -0.35343229161593986
        ],
        [
          0.0323098034218798,
          -0.039164325753346586,
          0.9987102844124143,
          -4.2392921800571335
        ],
        [
          0.0,
          0.0,
          0.0,
          1.0
        ]
      ]
    },
    {
      "file_path": "C://Users//HP//Desktop//hzq//hanglok-robotics//calibration//saved_07_19_15_27\\images\\11.png",
      "sharpness": 50,
      "transform_matrix": [
        [
          0.2958149045103151,
          -0.948120326368626,
          -0.11645337692056587,
          0.08708585845511085
        ],
        [
          0.9527808782963532,
          0.301602270498193,
          -0.03527985803776283,
          -0.27875387921785433
        ],
        [
          0.06857215340342704,
          -0.10051824290637468,
          0.9925693641356417,
          -4.214534670894643
        ],
        [
          0.0,
          0.0,
          0.0,
          1.0
        ]
      ]
    },
    {
      "file_path": "C://Users//HP//Desktop//hzq//hanglok-robotics//calibration//saved_07_19_15_27\\images\\12.png",
      "sharpness": 50,
      "transform_matrix": [
        [
          0.2977771671658925,
          -0.9490383202816868,
          -0.10322318223912191,
          0.033207757933626555
        ],
        [
          0.9545847103645778,
          0.29712989674085366,
          0.021951200444275402,
          -0.41990088364482836
        ],
        [
          0.00983816308217088,
          -0.10507183780482923,
          0.9944159690227647,
          -4.1899515642585365
        ],
        [
          0.0,
          0.0,
          0.0,
          1.0
        ]
      ]
    },
    {
      "file_path": "C://Users//HP//Desktop//hzq//hanglok-robotics//calibration//saved_07_19_15_27\\images\\13.png",
      "sharpness": 50,
      "transform_matrix": [
        [
          0.2943349027421204,
          -0.9486497720698246,
          0.11589035757843257,
          -0.4189505016335296
        ],
        [
          0.9542774500686305,
          0.29834649970665006,
          0.018544929315111154,
          -0.4226864908563687
        ],
        [
          -0.05216812550110863,
          0.1051331349511657,
          0.9930888734735883,
          -4.266748988194761
        ],
        [
          0.0,
          0.0,
          0.0,
          1.0
        ]
      ]
    },
    {
      "file_path": "C://Users//HP//Desktop//hzq//hanglok-robotics//calibration//saved_07_19_15_27\\images\\14.png",
      "sharpness": 50,
      "transform_matrix": [
        [
          0.29442225403846833,
          -0.952331604143928,
          0.07987522817219715,
          -0.26570405895794763
        ],
        [
          0.955228826498199,
          0.29070008522703117,
          -0.055057692249771945,
          -0.2614333242788003
        ],
        [
          0.029213444743501727,
          0.09250933032753791,
          0.995283175005269,
          -4.310631443264006
        ],
        [
          0.0,
          0.0,
          0.0,
          1.0
        ]
      ]
    },
    {
      "file_path": "C://Users//HP//Desktop//hzq//hanglok-robotics//calibration//saved_07_19_15_27\\images\\15.png",
      "sharpness": 50,
      "transform_matrix": [
        [
          0.29548667825423824,
          -0.9514772661262325,
          0.08589898147956428,
          -0.3567549852011028
        ],
        [
          0.9535608260978254,
          0.28824419372055765,
          -0.08739013512987644,
          -0.22072749020386667
        ],
        [
          0.05838984420178277,
          0.10773252448233135,
          0.9924637672291899,
          -4.293392299804355
        ],
        [
          0.0,
          0.0,
          0.0,
          1.0
        ]
      ]
    },
    {
      "file_path": "C://Users//HP//Desktop//hzq//hanglok-robotics//calibration//saved_07_19_15_27\\images\\16.png",
      "sharpness": 50,
      "transform_matrix": [
        [
          0.2997455325729207,
          -0.9399362543938389,
          0.16331703333901673,
          -0.45316270017800925
        ],
        [
          0.953115920694097,
          0.2875935642504291,
          -0.09412748547145323,
          -0.20051992564306423
        ],
        [
          0.0415049084087742,
          0.18387435785833597,
          0.9820730945811333,
          -4.322039540446463
        ],
        [
          0.0,
          0.0,
          0.0,
          1.0
        ]
      ]
    },
    {
      "file_path": "C://Users//HP//Desktop//hzq//hanglok-robotics//calibration//saved_07_19_15_27\\images\\17.png",
      "sharpness": 50,
      "transform_matrix": [
        [
          0.2987708368522066,
          -0.9190000029862535,
          0.2572449835427293,
          -0.7064992952174618
        ],
        [
          0.9543127740454914,
          0.28906605610130715,
          -0.07568318507856016,
          -0.2858718148621251
        ],
        [
          -0.004807945531336541,
          0.26810410239551047,
          0.9633779496845799,
          -4.2791795370650965
        ],
        [
          0.0,
          0.0,
          0.0,
          1.0
        ]
      ]
    },
    {
      "file_path": "C://Users//HP//Desktop//hzq//hanglok-robotics//calibration//saved_07_19_15_27\\images\\18.png",
      "sharpness": 50,
      "transform_matrix": [
        [
          0.29869609721290663,
          -0.926122363973352,
          0.2303866499131128,
          -0.587695485393077
        ],
        [
          0.9532546374085236,
          0.27797584134947345,
          -0.11846952302257381,
          -0.1800910479709325
        ],
        [
          0.045675351875177427,
          0.25500352659220626,
          0.9658607371959048,
          -4.32360656809429
        ],
        [
          0.0,
          0.0,
          0.0,
          1.0
        ]
      ]
    },
    {
      "file_path": "C://Users//HP//Desktop//hzq//hanglok-robotics//calibration//saved_07_19_15_27\\images\\19.png",
      "sharpness": 50,
      "transform_matrix": [
        [
          0.30269018039947476,
          -0.9236334084875029,
          0.2351169526331342,
          -0.6097816764354209
        ],
        [
          0.9481721081268873,
          0.2667965841853679,
          -0.1725955852194217,
          -0.05170969543179244
        ],
        [
          0.09668664881951651,
          0.27517432546074794,
          0.9565201422590502,
          -4.305907045846692
        ],
        [
          0.0,
          0.0,
          0.0,
          1.0
        ]
      ]
    },
    {
      "file_path": "C://Users//HP//Desktop//hzq//hanglok-robotics//calibration//saved_07_19_15_27\\images\\20.png",
      "sharpness": 50,
      "transform_matrix": [
        [
          0.29940740202693106,
          -0.8951237901337864,
          0.3303159214267597,
          -0.8160787276347221
        ],
        [
          0.9539075349894204,
          0.2882256152194913,
          -0.08358474395338668,
          -0.2989878517893602
        ],
        [
          -0.020386816865103418,
          0.3401167374121292,
          0.9401622108073892,
          -4.268213128865011
        ],
        [
          0.0,
          0.0,
          0.0,
          1.0
        ]
      ]
    },
    {
      "file_path": "C://Users//HP//Desktop//hzq//hanglok-robotics//calibration//saved_07_19_15_27\\images\\21.png",
      "sharpness": 50,
      "transform_matrix": [
        [
          0.3038465551739954,
          -0.9293476141494427,
          0.20973860632614807,
          -0.6020885276707477
        ],
        [
          0.952719678588725,
          0.2967560518599819,
          -0.06527679307589049,
          -0.28879356346478
        ],
        [
          -0.0015763688315570338,
          0.21965622631560996,
          0.9755760643343461,
          -4.289049860074733
        ],
        [
          0.0,
          0.0,
          0.0,
          1.0
        ]
      ]
    },
    {
      "file_path": "C://Users//HP//Desktop//hzq//hanglok-robotics//calibration//saved_07_19_15_27\\images\\22.png",
      "sharpness": 50,
      "transform_matrix": [
        [
          0.2994087537563064,
          -0.9380798342424117,
          0.17424299917593342,
          -0.6190906595051398
        ],
        [
          0.9540344608751377,
          0.29686072327233154,
          -0.04113342243132021,
          -0.32456454215623187
        ],
        [
          -0.013139468664311883,
          0.178549532527972,
          0.9838431881134626,
          -4.45883332359973
        ],
        [
          0.0,
          0.0,
          0.0,
          1.0
        ]
      ]
    },
    {
      "file_path": "C://Users//HP//Desktop//hzq//hanglok-robotics//calibration//saved_07_19_15_27\\images\\23.png",
      "sharpness": 50,
      "transform_matrix": [
        [
          0.29067351392764335,
          -0.9247904834480337,
          -0.24550248476320694,
          0.21457488213944576
        ],
        [
          0.9544271042152715,
          0.29838282532360133,
          0.006049156235086272,
          -0.4235551167198659
        ],
        [
          0.06765952290851196,
          -0.23607255510935124,
          0.9693770874556171,
          -4.237612819304431
        ],
        [
          0.0,
          0.0,
          0.0,
          1.0
        ]
      ]
    }
  ]
}