{
  "camera_angle_x": 1.2279435391923232,
  "camera_angle_y": 0.7545620417159086,
  "fl_x": 907.9981125845741,
  "fl_y": 908.4866403489752,
  "k1": 0.04396351745157005,
  "k2": -0.06958055999741476,
  "k3": 0,
  "k4": 0,
  "p1": -0.0013496357597185217,
  "p2": -0.00299999758865963,
  "is_fisheye": false,
  "cx": 622.8964509966195,
  "cy": 367.7079166712055,
  "w": 1280.0,
  "h": 720.0,
  "aabb_scale": 8,
  "frames": [
    {
      "file_path": "./images/21.png",
      "sharpness": 142.49191649681256,
      "transform_matrix": [
        [
          0.018225334697949656,
          0.13988436987899106,
          0.9900001011404701,
          4.319175707624229
        ],
        [
          0.9995086313766313,
          -0.027804035504272344,
          -0.01447174534374847,
          -0.08283282083546144
        ],
        [
          0.025501626982883357,
          0.989777398556191,
          -0.1403223729417518,
          -0.446656064775267
        ],
        [
          0.0,
          0.0,
          0.0,
          1.0
        ]
      ]
    },
    {
      "file_path": "./images/14.png",
      "sharpness": 154.14309678366854,
      "transform_matrix": [
        [
          0.015379722435757477,
          0.0431124840898063,
          0.9989518396163254,
          4.197488739075341
        ],
        [
          0.9997370539853565,
          -0.017657672650396285,
          -0.014629746588900792,
          -0.05922700348553037
        ],
        [
          0.017008439860404363,
          0.9989141706531203,
          -0.04337271793815801,
          0.12952642342736095
        ],
        [
          0.0,
          0.0,
          0.0,
          1.0
        ]
      ]
    },
    {
      "file_path": "./images/15.png",
      "sharpness": 152.777851423174,
      "transform_matrix": [
        [
          -0.028890460533655002,
          0.029785452610370505,
          0.9991387131536764,
          4.214412881321122
        ],
        [
          0.9994908404427022,
          -0.012681411802014484,
          0.02927868961979853,
          0.18951136048037345
        ],
        [
          0.01354256849100085,
          0.9994758669557459,
          -0.029403915235328332,
          0.21787822444375995
        ],
        [
          0.0,
          0.0,
          0.0,
          1.0
        ]
      ]
    },
    {
      "file_path": "./images/12.png",
      "sharpness": 148.84855663722362,
      "transform_matrix": [
        [
          0.02284976663367655,
          -0.15662055836245567,
          0.9873944950638799,
          3.747453709652605
        ],
        [
          0.9995689305975379,
          -0.014632840690541965,
          -0.02545256288516441,
          -0.09907126849790467
        ],
        [
          0.018434780955817846,
          0.9875504446310535,
          0.15621868703698244,
          1.2171070333022906
        ],
        [
          0.0,
          0.0,
          0.0,
          1.0
        ]
      ]
    },
    {
      "file_path": "./images/13.png",
      "sharpness": 153.96634760820837,
      "transform_matrix": [
        [
          0.07378118753648595,
          0.027836485948239717,
          0.996885884359486,
          4.099854542454514
        ],
        [
          0.9970747872055691,
          -0.022060827133564595,
          -0.07317915430746402,
          -0.3888855664382042
        ],
        [
          0.0199550766661615,
          0.9993690259236908,
          -0.029382732327343473,
          0.19072201116189555
        ],
        [
          0.0,
          0.0,
          0.0,
          1.0
        ]
      ]
    },
    {
      "file_path": "./images/20.png",
      "sharpness": 145.86957137281513,
      "transform_matrix": [
        [
          0.022096628761773252,
          0.26765857697408846,
          0.9632604140049594,
          4.40714103361195
        ],
        [
          0.999405877662074,
          -0.03140492345389939,
          -0.014199382992169099,
          -0.0949925047977775
        ],
        [
          0.02645053292240314,
          0.9630018779703833,
          -0.26819349796942327,
          -1.2041110708508667
        ],
        [
          0.0,
          0.0,
          0.0,
          1.0
        ]
      ]
    },
    {
      "file_path": "./images/17.png",
      "sharpness": 147.4895245095665,
      "transform_matrix": [
        [
          0.013260964997094057,
          0.1839633741546985,
          0.9828436415811009,
          4.368099589997154
        ],
        [
          0.9996402899461535,
          -0.025354914880912554,
          -0.00874179659768774,
          -0.051872932165764704
        ],
        [
          0.023311746475250247,
          0.9826060275005589,
          -0.1842334313182156,
          -0.7082747208214605
        ],
        [
          0.0,
          0.0,
          0.0,
          1.0
        ]
      ]
    },
    {
      "file_path": "./images/16.png",
      "sharpness": 150.14934770414453,
      "transform_matrix": [
        [
          -0.003824679906509347,
          0.12146127611999347,
          0.9925888021967357,
          4.327090013383541
        ],
        [
          0.9997886129527437,
          -0.019587632428202686,
          0.00624932523479845,
          0.04444536479264995
        ],
        [
          0.020201515627687145,
          0.9924028834493546,
          -0.12136068435531426,
          -0.31917729900456887
        ],
        [
          0.0,
          0.0,
          0.0,
          1.0
        ]
      ]
    },
    {
      "file_path": "./images/11.png",
      "sharpness": 148.35033962545396,
      "transform_matrix": [
        [
          -0.013954578668458688,
          -0.14625075399150705,
          0.9891491225849299,
          3.8160085258945107
        ],
        [
          0.9997598585871901,
          -0.01875728138635766,
          0.011330911380760414,
          0.08898668795154488
        ],
        [
          0.01689659409254716,
          0.9890697050114008,
          0.14647738308753136,
          1.169900785132109
        ],
        [
          0.0,
          0.0,
          0.0,
          1.0
        ]
      ]
    },
    {
      "file_path": "./images/19.png",
      "sharpness": 148.95853839186563,
      "transform_matrix": [
        [
          -0.060401648797210765,
          0.20333212048503738,
          0.9772449486290897,
          4.4432390641308
        ],
        [
          0.9979638848741126,
          -0.007792853960893056,
          0.06330368009932291,
          0.37353731348826846
        ],
        [
          0.020487198677788726,
          0.9790788120604189,
          -0.20244741165086522,
          -0.789532744558214
        ],
        [
          0.0,
          0.0,
          0.0,
          1.0
        ]
      ]
    },
    {
      "file_path": "./images/10.png",
      "sharpness": 139.40962348296438,
      "transform_matrix": [
        [
          -0.0006722985528725943,
          -0.094675363785678,
          0.9955079726080253,
          3.9319703323183752
        ],
        [
          0.9997952069445779,
          -0.02019881775792482,
          -0.0012457655617714542,
          0.01792931945255131
        ],
        [
          0.020226027423023096,
          0.9953032619622332,
          0.0946695545646035,
          0.8861715810233128
        ],
        [
          0.0,
          0.0,
          0.0,
          1.0
        ]
      ]
    },
    {
      "file_path": "./images/8.png",
      "sharpness": 143.73578864466228,
      "transform_matrix": [
        [
          0.14753238421520476,
          -0.06913359623385,
          0.9866381005713226,
          3.7875045217715586
        ],
        [
          0.9833456933441614,
          0.11730335683753443,
          -0.13882063915765536,
          -0.48723779400668055
        ],
        [
          -0.10613879116437473,
          0.9906868669592814,
          0.08528826803263896,
          0.9434883054735038
        ],
        [
          0.0,
          0.0,
          0.0,
          1.0
        ]
      ]
    },
    {
      "file_path": "./images/7.png",
      "sharpness": 147.06690002772964,
      "transform_matrix": [
        [
          0.1152168542625169,
          -0.06711105319206806,
          0.9910707255553141,
          3.8476384320674817
        ],
        [
          0.9917401574155951,
          0.06438061598024049,
          -0.11093510019511069,
          -0.431084239897658
        ],
        [
          -0.05636077238117352,
          0.9956662306439931,
          0.07397445850575439,
          0.8355395517627011
        ],
        [
          0.0,
          0.0,
          0.0,
          1.0
        ]
      ]
    },
    {
      "file_path": "./images/6.png",
      "sharpness": 140.35378358958562,
      "transform_matrix": [
        [
          0.11341865227117938,
          -0.07001486727201217,
          0.991077256169925,
          3.845295296613983
        ],
        [
          0.993495836074633,
          0.018143553620590426,
          -0.11241367872455033,
          -0.5246159932796115
        ],
        [
          -0.010111034544008652,
          0.9973809351708767,
          0.07161729649711945,
          0.7848610554452711
        ],
        [
          0.0,
          0.0,
          0.0,
          1.0
        ]
      ]
    },
    {
      "file_path": "./images/4.png",
      "sharpness": 145.72408311631827,
      "transform_matrix": [
        [
          0.11409903053488031,
          -0.07204990017739475,
          0.9908532803270439,
          3.2417565770506687
        ],
        [
          0.9934231278062072,
          0.01789855374259222,
          -0.11309346096772914,
          -0.8162394894261015
        ],
        [
          -0.009586468115516418,
          0.9972404191957847,
          0.07361824482235875,
          -0.5239173291616429
        ],
        [
          0.0,
          0.0,
          0.0,
          1.0
        ]
      ]
    },
    {
      "file_path": "./images/9.png",
      "sharpness": 149.2484563295529,
      "transform_matrix": [
        [
          0.014886369586249719,
          -0.040552163810302244,
          0.999066523325789,
          4.04047981081037
        ],
        [
          0.9996268631688956,
          -0.02228273898993772,
          -0.015799176378028103,
          -0.07344319668796069
        ],
        [
          0.02290262936140273,
          0.9989289271879346,
          0.040205323216405485,
          0.590266313688101
        ],
        [
          0.0,
          0.0,
          0.0,
          1.0
        ]
      ]
    },
    {
      "file_path": "./images/2.png",
      "sharpness": 138.9520599449711,
      "transform_matrix": [
        [
          0.11381147870731781,
          -0.07077966042386556,
          0.9909778943065133,
          3.309891662693709
        ],
        [
          0.9934448892261426,
          0.018836723245263445,
          -0.1127494120953289,
          0.4435429706487033
        ],
        [
          -0.010686411236127865,
          0.9973141017488404,
          0.07245952723579506,
          -0.8428496873756518
        ],
        [
          0.0,
          0.0,
          0.0,
          1.0
        ]
      ]
    },
    {
      "file_path": "./images/23.png",
      "sharpness": 148.86480249983705,
      "transform_matrix": [
        [
          -0.03766243854835932,
          -0.25491761713657307,
          0.9662290355890979,
          4.013844965625199
        ],
        [
          0.9992238342543786,
          -0.02077723150040954,
          0.03346693456474036,
          0.08898956235914306
        ],
        [
          0.011544253142742902,
          0.9667395280756951,
          0.25550228001878544,
          1.3492003870889488
        ],
        [
          0.0,
          0.0,
          0.0,
          1.0
        ]
      ]
    },
    {
      "file_path": "./images/5.png",
      "sharpness": 145.54473189750834,
      "transform_matrix": [
        [
          0.11421497863397896,
          -0.07146406209660207,
          0.990882347457925,
          3.9037159013288485
        ],
        [
          0.9934107659009311,
          0.017739650987587147,
          -0.11322700638526031,
          -0.847011388546715
        ],
        [
          -0.00948624519833605,
          0.9972854118209716,
          0.0730193025202987,
          -0.4893197546060333
        ],
        [
          0.0,
          0.0,
          0.0,
          1.0
        ]
      ]
    },
    {
      "file_path": "./images/3.png",
      "sharpness": 141.6125119352447,
      "transform_matrix": [
        [
          0.11439522299574494,
          -0.07116249370864226,
          0.9908832587466377,
          3.283538740806935
        ],
        [
          0.9933819287403455,
          0.018534778375936013,
          -0.11335257228078294,
          -0.012052022008878826
        ],
        [
          -0.010299349885504554,
          0.9972925155134552,
          0.07281182535975567,
          -0.7313779729634214
        ],
        [
          0.0,
          0.0,
          0.0,
          1.0
        ]
      ]
    },
    {
      "file_path": "./images/18.png",
      "sharpness": 147.94665535163406,
      "transform_matrix": [
        [
          -0.017814684451861375,
          0.19223716937855273,
          0.9811867853505968,
          4.405036017818062
        ],
        [
          0.9995998240035532,
          -0.01814246130613118,
          0.021703523903383204,
          0.12736743742739454
        ],
        [
          0.021973367288036585,
          0.9811807793809006,
          -0.19183703845439368,
          -0.7428747197376501
        ],
        [
          0.0,
          0.0,
          0.0,
          1.0
        ]
      ]
    },
    {
      "file_path": "./images/1.png",
      "sharpness": 143.04362622249275,
      "transform_matrix": [
        [
          0.11427872178734405,
          -0.07162697266720096,
          0.9908632350393358,
          3.2810293686524146
        ],
        [
          0.9933978393452968,
          0.018334136846257943,
          -0.11324571607881005,
          -0.13651045184201827
        ],
        [
          -0.010055174336882496,
          0.9972629724561458,
          0.07324928161030671,
          -0.6935836894116482
        ],
        [
          0.0,
          0.0,
          0.0,
          1.0
        ]
      ]
    },
    {
      "file_path": "./images/22.png",
      "sharpness": 146.86598727060957,
      "transform_matrix": [
        [
          0.037792857178915104,
          0.11932822523647951,
          0.9921353106444712,
          4.7857188776918855
        ],
        [
          0.9989382027050046,
          -0.030688638837599303,
          -0.03436094618596264,
          -0.3284699630464548
        ],
        [
          0.02634705150058047,
          0.9923804623870977,
          -0.1203613341943115,
          -0.7434604451251898
        ],
        [
          0.0,
          0.0,
          0.0,
          1.0
        ]
      ]
    },
    {
      "file_path": "./images/0.png",
      "sharpness": 180.96325840287273,
      "transform_matrix": [
        [
          0.11411202939615948,
          -0.07224047415256962,
          0.9908379073595931,
          2.0755351783043197
        ],
        [
          0.9934143340189735,
          0.018652912676669246,
          -0.11304879395340729,
          -0.07778187381740467
        ],
        [
          -0.010315314485141893,
          0.9972128071591949,
          0.07389324423917391,
          -0.766664628696085
        ],
        [
          0.0,
          0.0,
          0.0,
          1.0
        ]
      ]
    }
  ]
}