{
  "camera_angle_x": 1.2235306391055296,
  "camera_angle_y": 0.7521676402860731,
  "fl_x": 912.266,
  "fl_y": 911.672,
  "k1": 0,
  "k2": 0,
  "k3": 0,
  "k4": 0,
  "p1": 0,
  "p2": 0,
  "is_fisheye": false,
  "cx": 637.773,
  "cy": 375.817,
  "w": 1280,
  "h": 720,
  "aabb_scale": 2,
  "frames": [
    {
      "file_path": "C:\\Users\\HP\\Desktop\\hzq\\hanglok-robotics\\calibration\\saved_07_21_15_30\\images\\0.png",
      "sharpness": 50,
      "transform_matrix": [
        [
          0.2762967214756735,
          0.9592118713157912,
          -0.05977213086926254,
          -0.5173578067993506
        ],
        [
          -0.6778220341419741,
          0.23857915450103565,
          0.6954403475994239,
          4.682755001317446
        ],
        [
          0.6813350216548616,
          -0.15163302069281984,
          0.7160935799894733,
          7.036996891448962
        ],
        [
          0.0,
          0.0,
          0.0,
          1.0
        ]
      ]
    },
    {
      "file_path": "C:\\Users\\HP\\Desktop\\hzq\\hanglok-robotics\\calibration\\saved_07_21_15_30\\images\\1.png",
      "sharpness": 50,
      "transform_matrix": [
        [
          0.2762967214756735,
          0.9592118713157912,
          -0.05977213086926254,
          -0.5173578067993506
        ],
        [
          -0.6778220341419741,
          0.23857915450103565,
          0.6954403475994239,
          4.682755001317446
        ],
        [
          0.6813350216548616,
          -0.15163302069281984,
          0.7160935799894733,
          7.036996891448962
        ],
        [
          0.0,
          0.0,
          0.0,
          1.0
        ]
      ]
    },
    {
      "file_path": "C:\\Users\\HP\\Desktop\\hzq\\hanglok-robotics\\calibration\\saved_07_21_15_30\\images\\2.png",
      "sharpness": 50,
      "transform_matrix": [
        [
          0.2747062105354571,
          0.9599443998030641,
          -0.05516563404860269,
          -0.49059470266986244
        ],
        [
          -0.6880868030978426,
          0.23633536161980107,
          0.6860627873967723,
          4.611994876279896
        ],
        [
          0.6716197207466739,
          -0.15050696374179173,
          0.7254478648182702,
          7.13373137673139
        ],
        [
          0.0,
          0.0,
          0.0,
          1.0
        ]
      ]
    },
    {
      "file_path": "C:\\Users\\HP\\Desktop\\hzq\\hanglok-robotics\\calibration\\saved_07_21_15_30\\images\\3.png",
      "sharpness": 50,
      "transform_matrix": [
        [
          0.2747062105354571,
          0.9599443998030641,
          -0.05516563404860269,
          -0.49059470266986244
        ],
        [
          -0.6880868030978426,
          0.23633536161980107,
          0.6860627873967723,
          4.611994876279896
        ],
        [
          0.6716197207466739,
          -0.15050696374179173,
          0.7254478648182702,
          7.13373137673139
        ],
        [
          0.0,
          0.0,
          0.0,
          1.0
        ]
      ]
    },
    {
      "file_path": "C:\\Users\\HP\\Desktop\\hzq\\hanglok-robotics\\calibration\\saved_07_21_15_30\\images\\4.png",
      "sharpness": 50,
      "transform_matrix": [
        [
          0.2762967214756735,
          0.9592118713157912,
          -0.05977213086926254,
          -0.5173578067993506
        ],
        [
          -0.6778220341419741,
          0.23857915450103565,
          0.6954403475994239,
          4.682755001317446
        ],
        [
          0.6813350216548616,
          -0.15163302069281984,
          0.7160935799894733,
          7.036996891448962
        ],
        [
          0.0,
          0.0,
          0.0,
          1.0
        ]
      ]
    },
    {
      "file_path": "C:\\Users\\HP\\Desktop\\hzq\\hanglok-robotics\\calibration\\saved_07_21_15_30\\images\\5.png",
      "sharpness": 50,
      "transform_matrix": [
        [
          0.2762967214756735,
          0.9592118713157912,
          -0.05977213086926254,
          -0.5173578067993506
        ],
        [
          -0.6778220341419741,
          0.23857915450103565,
          0.6954403475994239,
          4.682755001317446
        ],
        [
          0.6813350216548616,
          -0.15163302069281984,
          0.7160935799894733,
          7.036996891448962
        ],
        [
          0.0,
          0.0,
          0.0,
          1.0
        ]
      ]
    },
    {
      "file_path": "C:\\Users\\HP\\Desktop\\hzq\\hanglok-robotics\\calibration\\saved_07_21_15_30\\images\\6.png",
      "sharpness": 50,
      "transform_matrix": [
        [
          0.2747062105354571,
          0.9599443998030641,
          -0.05516563404860269,
          -0.49059470266986244
        ],
        [
          -0.6880868030978426,
          0.23633536161980107,
          0.6860627873967723,
          4.611994876279896
        ],
        [
          0.6716197207466739,
          -0.15050696374179173,
          0.7254478648182702,
          7.13373137673139
        ],
        [
          0.0,
          0.0,
          0.0,
          1.0
        ]
      ]
    },
    {
      "file_path": "C:\\Users\\HP\\Desktop\\hzq\\hanglok-robotics\\calibration\\saved_07_21_15_30\\images\\7.png",
      "sharpness": 50,
      "transform_matrix": [
        [
          0.2747062105354571,
          0.9599443998030641,
          -0.05516563404860269,
          -0.49059470266986244
        ],
        [
          -0.6880868030978426,
          0.23633536161980107,
          0.6860627873967723,
          4.611994876279896
        ],
        [
          0.6716197207466739,
          -0.15050696374179173,
          0.7254478648182702,
          7.13373137673139
        ],
        [
          0.0,
          0.0,
          0.0,
          1.0
        ]
      ]
    },
    {
      "file_path": "C:\\Users\\HP\\Desktop\\hzq\\hanglok-robotics\\calibration\\saved_07_21_15_30\\images\\8.png",
      "sharpness": 50,
      "transform_matrix": [
        [
          0.27969220536352746,
          0.9587384215716991,
          -0.050920617249732944,
          -0.44647708967803756
        ],
        [
          -0.6818147179431885,
          0.23568647999808354,
          0.6925175619016194,
          4.67386106905236
        ],
        [
          0.6759444952471592,
          -0.1589733378536173,
          0.7196016378502365,
          7.09627777107239
        ],
        [
          0.0,
          0.0,
          0.0,
          1.0
        ]
      ]
    },
    {
      "file_path": "C:\\Users\\HP\\Desktop\\hzq\\hanglok-robotics\\calibration\\saved_07_21_15_30\\images\\9.png",
      "sharpness": 50,
      "transform_matrix": [
        [
          0.2762967214756735,
          0.9592118713157912,
          -0.05977213086926254,
          -0.5173578067993506
        ],
        [
          -0.6778220341419741,
          0.23857915450103565,
          0.6954403475994239,
          4.682755001317446
        ],
        [
          0.6813350216548616,
          -0.15163302069281984,
          0.7160935799894733,
          7.036996891448962
        ],
        [
          0.0,
          0.0,
          0.0,
          1.0
        ]
      ]
    },
    {
      "file_path": "C:\\Users\\HP\\Desktop\\hzq\\hanglok-robotics\\calibration\\saved_07_21_15_30\\images\\10.png",
      "sharpness": 50,
      "transform_matrix": [
        [
          0.2713066535170802,
          0.9603602578687607,
          -0.06403807354699702,
          -0.5613864045394868
        ],
        [
          -0.6839813995714067,
          0.23918324284042286,
          0.6891740138634649,
          4.622702487694521
        ],
        [
          0.6771721677665902,
          -0.14317664422169882,
          0.7217605584622299,
          7.072710685228979
        ],
        [
          0.0,
          0.0,
          0.0,
          1.0
        ]
      ]
    },
    {
      "file_path": "C:\\Users\\HP\\Desktop\\hzq\\hanglok-robotics\\calibration\\saved_07_21_15_30\\images\\11.png",
      "sharpness": 50,
      "transform_matrix": [
        [
          0.2747062105354571,
          0.9599443998030641,
          -0.05516563404860269,
          -0.49059470266986244
        ],
        [
          -0.6880868030978426,
          0.23633536161980107,
          0.6860627873967723,
          4.611994876279896
        ],
        [
          0.6716197207466739,
          -0.15050696374179173,
          0.7254478648182702,
          7.13373137673139
        ],
        [
          0.0,
          0.0,
          0.0,
          1.0
        ]
      ]
    },
    {
      "file_path": "C:\\Users\\HP\\Desktop\\hzq\\hanglok-robotics\\calibration\\saved_07_21_15_30\\images\\12.png",
      "sharpness": 50,
      "transform_matrix": [
        [
          0.2747062105354571,
          0.9599443998030641,
          -0.05516563404860269,
          -0.49059470266986244
        ],
        [
          -0.6880868030978426,
          0.23633536161980107,
          0.6860627873967723,
          4.611994876279896
        ],
        [
          0.6716197207466739,
          -0.15050696374179173,
          0.7254478648182702,
          7.13373137673139
        ],
        [
          0.0,
          0.0,
          0.0,
          1.0
        ]
      ]
    },
    {
      "file_path": "C:\\Users\\HP\\Desktop\\hzq\\hanglok-robotics\\calibration\\saved_07_21_15_30\\images\\13.png",
      "sharpness": 50,
      "transform_matrix": [
        [
          0.2747062105354571,
          0.9599443998030641,
          -0.05516563404860269,
          -0.49059470266986244
        ],
        [
          -0.6880868030978426,
          0.23633536161980107,
          0.6860627873967723,
          4.611994876279896
        ],
        [
          0.6716197207466739,
          -0.15050696374179173,
          0.7254478648182702,
          7.13373137673139
        ],
        [
          0.0,
          0.0,
          0.0,
          1.0
        ]
      ]
    },
    {
      "file_path": "C:\\Users\\HP\\Desktop\\hzq\\hanglok-robotics\\calibration\\saved_07_21_15_30\\images\\14.png",
      "sharpness": 50,
      "transform_matrix": [
        [
          0.27969220536352746,
          0.9587384215716991,
          -0.050920617249732944,
          -0.44647708967803756
        ],
        [
          -0.6818147179431885,
          0.23568647999808354,
          0.6925175619016194,
          4.67386106905236
        ],
        [
          0.6759444952471592,
          -0.1589733378536173,
          0.7196016378502365,
          7.09627777107239
        ],
        [
          0.0,
          0.0,
          0.0,
          1.0
        ]
      ]
    },
    {
      "file_path": "C:\\Users\\HP\\Desktop\\hzq\\hanglok-robotics\\calibration\\saved_07_21_15_30\\images\\15.png",
      "sharpness": 50,
      "transform_matrix": [
        [
          0.2747062105354571,
          0.9599443998030641,
          -0.05516563404860269,
          -0.49059470266986244
        ],
        [
          -0.6880868030978426,
          0.23633536161980107,
          0.6860627873967723,
          4.611994876279896
        ],
        [
          0.6716197207466739,
          -0.15050696374179173,
          0.7254478648182702,
          7.13373137673139
        ],
        [
          0.0,
          0.0,
          0.0,
          1.0
        ]
      ]
    },
    {
      "file_path": "C:\\Users\\HP\\Desktop\\hzq\\hanglok-robotics\\calibration\\saved_07_21_15_30\\images\\16.png",
      "sharpness": 50,
      "transform_matrix": [
        [
          0.2713066535170802,
          0.9603602578687607,
          -0.06403807354699702,
          -0.5613864045394868
        ],
        [
          -0.6839813995714067,
          0.23918324284042286,
          0.6891740138634649,
          4.622702487694521
        ],
        [
          0.6771721677665902,
          -0.14317664422169882,
          0.7217605584622299,
          7.072710685228979
        ],
        [
          0.0,
          0.0,
          0.0,
          1.0
        ]
      ]
    },
    {
      "file_path": "C:\\Users\\HP\\Desktop\\hzq\\hanglok-robotics\\calibration\\saved_07_21_15_30\\images\\17.png",
      "sharpness": 50,
      "transform_matrix": [
        [
          0.2762967214756735,
          0.9592118713157912,
          -0.05977213086926254,
          -0.5173578067993506
        ],
        [
          -0.6778220341419741,
          0.23857915450103565,
          0.6954403475994239,
          4.682755001317446
        ],
        [
          0.6813350216548616,
          -0.15163302069281984,
          0.7160935799894733,
          7.036996891448962
        ],
        [
          0.0,
          0.0,
          0.0,
          1.0
        ]
      ]
    },
    {
      "file_path": "C:\\Users\\HP\\Desktop\\hzq\\hanglok-robotics\\calibration\\saved_07_21_15_30\\images\\18.png",
      "sharpness": 50,
      "transform_matrix": [
        [
          0.27969220536352746,
          0.9587384215716991,
          -0.050920617249732944,
          -0.44647708967803756
        ],
        [
          -0.6818147179431885,
          0.23568647999808354,
          0.6925175619016194,
          4.67386106905236
        ],
        [
          0.6759444952471592,
          -0.1589733378536173,
          0.7196016378502365,
          7.09627777107239
        ],
        [
          0.0,
          0.0,
          0.0,
          1.0
        ]
      ]
    },
    {
      "file_path": "C:\\Users\\HP\\Desktop\\hzq\\hanglok-robotics\\calibration\\saved_07_21_15_30\\images\\19.png",
      "sharpness": 50,
      "transform_matrix": [
        [
          0.2762967214756735,
          0.9592118713157912,
          -0.05977213086926254,
          -0.5173578067993506
        ],
        [
          -0.6778220341419741,
          0.23857915450103565,
          0.6954403475994239,
          4.682755001317446
        ],
        [
          0.6813350216548616,
          -0.15163302069281984,
          0.7160935799894733,
          7.036996891448962
        ],
        [
          0.0,
          0.0,
          0.0,
          1.0
        ]
      ]
    },
    {
      "file_path": "C:\\Users\\HP\\Desktop\\hzq\\hanglok-robotics\\calibration\\saved_07_21_15_30\\images\\20.png",
      "sharpness": 50,
      "transform_matrix": [
        [
          0.2762967214756735,
          0.9592118713157912,
          -0.05977213086926254,
          -0.5173578067993506
        ],
        [
          -0.6778220341419741,
          0.23857915450103565,
          0.6954403475994239,
          4.682755001317446
        ],
        [
          0.6813350216548616,
          -0.15163302069281984,
          0.7160935799894733,
          7.036996891448962
        ],
        [
          0.0,
          0.0,
          0.0,
          1.0
        ]
      ]
    },
    {
      "file_path": "C:\\Users\\HP\\Desktop\\hzq\\hanglok-robotics\\calibration\\saved_07_21_15_30\\images\\21.png",
      "sharpness": 50,
      "transform_matrix": [
        [
          0.2713066535170802,
          0.9603602578687607,
          -0.06403807354699702,
          -0.5613864045394868
        ],
        [
          -0.6839813995714067,
          0.23918324284042286,
          0.6891740138634649,
          4.622702487694521
        ],
        [
          0.6771721677665902,
          -0.14317664422169882,
          0.7217605584622299,
          7.072710685228979
        ],
        [
          0.0,
          0.0,
          0.0,
          1.0
        ]
      ]
    },
    {
      "file_path": "C:\\Users\\HP\\Desktop\\hzq\\hanglok-robotics\\calibration\\saved_07_21_15_30\\images\\22.png",
      "sharpness": 50,
      "transform_matrix": [
        [
          0.2762967214756735,
          0.9592118713157912,
          -0.05977213086926254,
          -0.5173578067993506
        ],
        [
          -0.6778220341419741,
          0.23857915450103565,
          0.6954403475994239,
          4.682755001317446
        ],
        [
          0.6813350216548616,
          -0.15163302069281984,
          0.7160935799894733,
          7.036996891448962
        ],
        [
          0.0,
          0.0,
          0.0,
          1.0
        ]
      ]
    },
    {
      "file_path": "C:\\Users\\HP\\Desktop\\hzq\\hanglok-robotics\\calibration\\saved_07_21_15_30\\images\\23.png",
      "sharpness": 50,
      "transform_matrix": [
        [
          0.2747062105354571,
          0.9599443998030641,
          -0.05516563404860269,
          -0.49059470266986244
        ],
        [
          -0.6880868030978426,
          0.23633536161980107,
          0.6860627873967723,
          4.611994876279896
        ],
        [
          0.6716197207466739,
          -0.15050696374179173,
          0.7254478648182702,
          7.13373137673139
        ],
        [
          0.0,
          0.0,
          0.0,
          1.0
        ]
      ]
    },
    {
      "file_path": "C:\\Users\\HP\\Desktop\\hzq\\hanglok-robotics\\calibration\\saved_07_21_15_30\\images\\24.png",
      "sharpness": 50,
      "transform_matrix": [
        [
          0.27969220536352746,
          0.9587384215716991,
          -0.050920617249732944,
          -0.44647708967803756
        ],
        [
          -0.6818147179431885,
          0.23568647999808354,
          0.6925175619016194,
          4.67386106905236
        ],
        [
          0.6759444952471592,
          -0.1589733378536173,
          0.7196016378502365,
          7.09627777107239
        ],
        [
          0.0,
          0.0,
          0.0,
          1.0
        ]
      ]
    },
    {
      "file_path": "C:\\Users\\HP\\Desktop\\hzq\\hanglok-robotics\\calibration\\saved_07_21_15_30\\images\\25.png",
      "sharpness": 50,
      "transform_matrix": [
        [
          0.2747062105354571,
          0.9599443998030641,
          -0.05516563404860269,
          -0.49059470266986244
        ],
        [
          -0.6880868030978426,
          0.23633536161980107,
          0.6860627873967723,
          4.611994876279896
        ],
        [
          0.6716197207466739,
          -0.15050696374179173,
          0.7254478648182702,
          7.13373137673139
        ],
        [
          0.0,
          0.0,
          0.0,
          1.0
        ]
      ]
    },
    {
      "file_path": "C:\\Users\\HP\\Desktop\\hzq\\hanglok-robotics\\calibration\\saved_07_21_15_30\\images\\26.png",
      "sharpness": 50,
      "transform_matrix": [
        [
          0.2762967214756735,
          0.9592118713157912,
          -0.05977213086926254,
          -0.5173578067993506
        ],
        [
          -0.6778220341419741,
          0.23857915450103565,
          0.6954403475994239,
          4.682755001317446
        ],
        [
          0.6813350216548616,
          -0.15163302069281984,
          0.7160935799894733,
          7.036996891448962
        ],
        [
          0.0,
          0.0,
          0.0,
          1.0
        ]
      ]
    },
    {
      "file_path": "C:\\Users\\HP\\Desktop\\hzq\\hanglok-robotics\\calibration\\saved_07_21_15_30\\images\\27.png",
      "sharpness": 50,
      "transform_matrix": [
        [
          0.2762967214756735,
          0.9592118713157912,
          -0.05977213086926254,
          -0.5173578067993506
        ],
        [
          -0.6778220341419741,
          0.23857915450103565,
          0.6954403475994239,
          4.682755001317446
        ],
        [
          0.6813350216548616,
          -0.15163302069281984,
          0.7160935799894733,
          7.036996891448962
        ],
        [
          0.0,
          0.0,
          0.0,
          1.0
        ]
      ]
    },
    {
      "file_path": "C:\\Users\\HP\\Desktop\\hzq\\hanglok-robotics\\calibration\\saved_07_21_15_30\\images\\28.png",
      "sharpness": 50,
      "transform_matrix": [
        [
          0.2762967214756735,
          0.9592118713157912,
          -0.05977213086926254,
          -0.5173578067993506
        ],
        [
          -0.6778220341419741,
          0.23857915450103565,
          0.6954403475994239,
          4.682755001317446
        ],
        [
          0.6813350216548616,
          -0.15163302069281984,
          0.7160935799894733,
          7.036996891448962
        ],
        [
          0.0,
          0.0,
          0.0,
          1.0
        ]
      ]
    },
    {
      "file_path": "C:\\Users\\HP\\Desktop\\hzq\\hanglok-robotics\\calibration\\saved_07_21_15_30\\images\\29.png",
      "sharpness": 50,
      "transform_matrix": [
        [
          0.2762967214756735,
          0.9592118713157912,
          -0.05977213086926254,
          -0.5173578067993506
        ],
        [
          -0.6778220341419741,
          0.23857915450103565,
          0.6954403475994239,
          4.682755001317446
        ],
        [
          0.6813350216548616,
          -0.15163302069281984,
          0.7160935799894733,
          7.036996891448962
        ],
        [
          0.0,
          0.0,
          0.0,
          1.0
        ]
      ]
    },
    {
      "file_path": "C:\\Users\\HP\\Desktop\\hzq\\hanglok-robotics\\calibration\\saved_07_21_15_30\\images\\30.png",
      "sharpness": 50,
      "transform_matrix": [
        [
          0.27947632890324364,
          0.9587399491035665,
          -0.052064302316043254,
          -0.4499763895786507
        ],
        [
          -0.6827216907393507,
          0.2365583522718673,
          0.6913257111987238,
          4.669427030765622
        ],
        [
          0.6751178227367192,
          -0.1576637433378698,
          0.7206650188956878,
          7.093912537110434
        ],
        [
          0.0,
          0.0,
          0.0,
          1.0
        ]
      ]
    },
    {
      "file_path": "C:\\Users\\HP\\Desktop\\hzq\\hanglok-robotics\\calibration\\saved_07_21_15_30\\images\\31.png",
      "sharpness": 50,
      "transform_matrix": [
        [
          0.27947632890324364,
          0.9587399491035665,
          -0.052064302316043254,
          -0.4499763895786507
        ],
        [
          -0.6827216907393507,
          0.2365583522718673,
          0.6913257111987238,
          4.669427030765622
        ],
        [
          0.6751178227367192,
          -0.1576637433378698,
          0.7206650188956878,
          7.093912537110434
        ],
        [
          0.0,
          0.0,
          0.0,
          1.0
        ]
      ]
    },
    {
      "file_path": "C:\\Users\\HP\\Desktop\\hzq\\hanglok-robotics\\calibration\\saved_07_21_15_30\\images\\32.png",
      "sharpness": 50,
      "transform_matrix": [
        [
          0.2716852541258257,
          0.9606201329204732,
          -0.05827592057135296,
          -0.5062407072414881
        ],
        [
          -0.6705302467476945,
          0.23238254327328767,
          0.7045477569180918,
          4.776787660917688
        ],
        [
          0.6903450665334416,
          -0.15233946898191372,
          0.7072597650815763,
          6.94469431440519
        ],
        [
          0.0,
          0.0,
          0.0,
          1.0
        ]
      ]
    },
    {
      "file_path": "C:\\Users\\HP\\Desktop\\hzq\\hanglok-robotics\\calibration\\saved_07_21_15_30\\images\\33.png",
      "sharpness": 50,
      "transform_matrix": [
        [
          0.25754100129245283,
          0.962374299998878,
          -0.08665067429022191,
          -0.805578755169397
        ],
        [
          -0.7898101264384843,
          0.26132311711343076,
          0.5548965603041216,
          4.5905566424803945
        ],
        [
          0.5566620130999658,
          -0.07447103573732142,
          0.8273943848055195,
          6.866309339347128
        ],
        [
          0.0,
          0.0,
          0.0,
          1.0
        ]
      ]
    },
    {
      "file_path": "C:\\Users\\HP\\Desktop\\hzq\\hanglok-robotics\\calibration\\saved_07_21_15_30\\images\\34.png",
      "sharpness": 50,
      "transform_matrix": [
        [
          0.3084081453544548,
          0.9511218049897564,
          -0.01586593684762356,
          -0.26109684037458253
        ],
        [
          -0.8184874096307875,
          0.27382573367779395,
          0.505072101636688,
          4.677202854910128
        ],
        [
          0.4847295907564425,
          -0.14278228058427075,
          0.8629313090833163,
          6.7149639872678915
        ],
        [
          0.0,
          0.0,
          0.0,
          1.0
        ]
      ]
    },
    {
      "file_path": "C:\\Users\\HP\\Desktop\\hzq\\hanglok-robotics\\calibration\\saved_07_21_15_30\\images\\35.png",
      "sharpness": 50,
      "transform_matrix": [
        [
          0.2999712262813691,
          0.953506533622063,
          -0.029026776315816946,
          -0.3083811072818997
        ],
        [
          -0.7804305667814665,
          0.26279274288191545,
          0.5673342090177166,
          4.4850118737058295
        ],
        [
          0.5485849012107515,
          -0.1475305548984234,
          0.822975905804631,
          6.641781516547219
        ],
        [
          0.0,
          0.0,
          0.0,
          1.0
        ]
      ]
    },
    {
      "file_path": "C:\\Users\\HP\\Desktop\\hzq\\hanglok-robotics\\calibration\\saved_07_21_15_30\\images\\36.png",
      "sharpness": 50,
      "transform_matrix": [
        [
          0.2907170044567816,
          0.9559575642621478,
          -0.04035788212551303,
          -0.3833736259159456
        ],
        [
          -0.7704200399970825,
          0.2588890432346805,
          0.5826057202464848,
          4.430425405943712
        ],
        [
          0.5673945587424761,
          -0.1382808686081085,
          0.8117523120302261,
          6.56430883551657
        ],
        [
          0.0,
          0.0,
          0.0,
          1.0
        ]
      ]
    },
    {
      "file_path": "C:\\Users\\HP\\Desktop\\hzq\\hanglok-robotics\\calibration\\saved_07_21_15_30\\images\\37.png",
      "sharpness": 50,
      "transform_matrix": [
        [
          0.28984508533591363,
          0.9561229198346791,
          -0.042647258685926275,
          -0.4010988788151792
        ],
        [
          -0.7511441125684264,
          0.25486852014759787,
          0.6089536596421475,
          4.616328252974357
        ],
        [
          0.5931039948106974,
          -0.1444679881654791,
          0.7920584900971714,
          6.5881858868063325
        ],
        [
          0.0,
          0.0,
          0.0,
          1.0
        ]
      ]
    },
    {
      "file_path": "C:\\Users\\HP\\Desktop\\hzq\\hanglok-robotics\\calibration\\saved_07_21_15_30\\images\\38.png",
      "sharpness": 50,
      "transform_matrix": [
        [
          0.2969594497262699,
          0.9543523954762398,
          -0.03204045048112819,
          -0.3074647661666445
        ],
        [
          -0.7282603049149758,
          0.24805535579499366,
          0.6388313304359495,
          4.8377130146129055
        ],
        [
          0.61761801585075,
          -0.16637321211716097,
          0.7686793484843996,
          6.863622497368409
        ],
        [
          0.0,
          0.0,
          0.0,
          1.0
        ]
      ]
    },
    {
      "file_path": "C:\\Users\\HP\\Desktop\\hzq\\hanglok-robotics\\calibration\\saved_07_21_15_30\\images\\39.png",
      "sharpness": 50,
      "transform_matrix": [
        [
          0.28351274147108435,
          0.9579952356457223,
          -0.04319321594471413,
          -0.412407372259533
        ],
        [
          -0.7113664818323533,
          0.2403028769820755,
          0.6604636673122887,
          4.998426134176638
        ],
        [
          0.643100500659897,
          -0.15652365889613673,
          0.749614627830031,
          6.987572477319548
        ],
        [
          0.0,
          0.0,
          0.0,
          1.0
        ]
      ]
    },
    {
      "file_path": "C:\\Users\\HP\\Desktop\\hzq\\hanglok-robotics\\calibration\\saved_07_21_15_30\\images\\40.png",
      "sharpness": 50,
      "transform_matrix": [
        [
          0.2840950314551959,
          0.9569337472419904,
          -0.0597312019958896,
          -0.5459379239715307
        ],
        [
          -0.7279159288244106,
          0.2558127350115995,
          0.636158977905351,
          4.793464844669289
        ],
        [
          0.6240419967167008,
          -0.13725031145788946,
          0.7692424444468373,
          7.01206041391704
        ],
        [
          0.0,
          0.0,
          0.0,
          1.0
        ]
      ]
    },
    {
      "file_path": "C:\\Users\\HP\\Desktop\\hzq\\hanglok-robotics\\calibration\\saved_07_21_15_30\\images\\41.png",
      "sharpness": 50,
      "transform_matrix": [
        [
          0.2840671384255674,
          0.9578826161671427,
          -0.04203277901234992,
          -0.3969994245721179
        ],
        [
          -0.7442542461001793,
          0.24792793983164815,
          0.6201752605616326,
          4.698644784393368
        ],
        [
          0.6044762013748466,
          -0.14488833733474143,
          0.783336384751666,
          6.646336089310067
        ],
        [
          0.0,
          0.0,
          0.0,
          1.0
        ]
      ]
    },
    {
      "file_path": "C:\\Users\\HP\\Desktop\\hzq\\hanglok-robotics\\calibration\\saved_07_21_15_30\\images\\42.png",
      "sharpness": 50,
      "transform_matrix": [
        [
          0.28828572478532277,
          0.9567226115210636,
          -0.039663402392104044,
          -0.38122894881001884
        ],
        [
          -0.7711140647263569,
          0.25651585584182257,
          0.5827372605925706,
          4.452299175321689
        ],
        [
          0.5676922053949638,
          -0.13740982608989005,
          0.8116921212059093,
          6.606663653159842
        ],
        [
          0.0,
          0.0,
          0.0,
          1.0
        ]
      ]
    },
    {
      "file_path": "C:\\Users\\HP\\Desktop\\hzq\\hanglok-robotics\\calibration\\saved_07_21_15_30\\images\\43.png",
      "sharpness": 50,
      "transform_matrix": [
        [
          0.2904963752959177,
          0.9556300581192289,
          -0.048816472209413486,
          -0.44670379797924625
        ],
        [
          -0.7640918165815144,
          0.26237707204205074,
          0.5893402819253082,
          4.479225985327981
        ],
        [
          0.575999610914013,
          -0.1339009487855846,
          0.8064086954771917,
          6.684337552260351
        ],
        [
          0.0,
          0.0,
          0.0,
          1.0
        ]
      ]
    },
    {
      "file_path": "C:\\Users\\HP\\Desktop\\hzq\\hanglok-robotics\\calibration\\saved_07_21_15_30\\images\\44.png",
      "sharpness": 50,
      "transform_matrix": [
        [
          0.2898469769087268,
          0.9537200540118779,
          -0.08004241720770823,
          -0.328141496523823
        ],
        [
          -0.7035142089137348,
          0.26901321321958566,
          0.6577990946860263,
          4.975904670318351
        ],
        [
          0.6488886559598296,
          -0.13435010118661803,
          0.7489282759235303,
          6.547156655287626
        ],
        [
          0.0,
          0.0,
          0.0,
          1.0
        ]
      ]
    },
    {
      "file_path": "C:\\Users\\HP\\Desktop\\hzq\\hanglok-robotics\\calibration\\saved_07_21_15_30\\images\\45.png",
      "sharpness": 50,
      "transform_matrix": [
        [
          0.286779024052552,
          0.9304079931634531,
          -0.2282515227134786,
          0.078212499368732
        ],
        [
          -0.661980430835275,
          0.3646845216224036,
          0.6548183785449079,
          5.2088038571408966
        ],
        [
          0.6924880508388643,
          -0.03669013418610721,
          0.720495755364871,
          6.954762332350596
        ],
        [
          0.0,
          0.0,
          0.0,
          1.0
        ]
      ]
    },
    {
      "file_path": "C:\\Users\\HP\\Desktop\\hzq\\hanglok-robotics\\calibration\\saved_07_21_15_30\\images\\47.png",
      "sharpness": 50,
      "transform_matrix": [
        [
          0.2654267359747584,
          0.9274370761982939,
          -0.2634561016992123,
          -0.18084854396011904
        ],
        [
          -0.6442181233384151,
          0.37390653649363703,
          0.6672157908275722,
          5.513071501078683
        ],
        [
          0.717308620742924,
          -0.007373714131458575,
          0.6967165642840648,
          7.501309088379394
        ],
        [
          0.0,
          0.0,
          0.0,
          1.0
        ]
      ]
    },
    {
      "file_path": "C:\\Users\\HP\\Desktop\\hzq\\hanglok-robotics\\calibration\\saved_07_21_15_30\\images\\48.png",
      "sharpness": 50,
      "transform_matrix": [
        [
          0.2603755462683842,
          0.9271962923265447,
          -0.2692797994676715,
          -0.3100406433282892
        ],
        [
          -0.7022595779325348,
          0.37326916241938457,
          0.6062191168123527,
          5.936594601954195
        ],
        [
          0.6625979626496434,
          0.03125968462157087,
          0.74832263897994,
          7.335336727320468
        ],
        [
          0.0,
          0.0,
          0.0,
          1.0
        ]
      ]
    },
    {
      "file_path": "C:\\Users\\HP\\Desktop\\hzq\\hanglok-robotics\\calibration\\saved_07_21_15_30\\images\\49.png",
      "sharpness": 50,
      "transform_matrix": [
        [
          0.27257337253309,
          0.92452401833132,
          -0.26638148605795925,
          -0.3269087843395601
        ],
        [
          -0.7323344624693133,
          0.3789266025117565,
          0.5657745708218772,
          6.242482243721989
        ],
        [
          0.6240112111698952,
          0.04086525954165182,
          0.7803461019937717,
          7.412665941891446
        ],
        [
          0.0,
          0.0,
          0.0,
          1.0
        ]
      ]
    },
    {
      "file_path": "C:\\Users\\HP\\Desktop\\hzq\\hanglok-robotics\\calibration\\saved_07_21_15_30\\images\\50.png",
      "sharpness": 50,
      "transform_matrix": [
        [
          0.26501372941159734,
          0.9224575102522268,
          -0.28078437456991734,
          -0.5115687526051168
        ],
        [
          -0.7835514012304766,
          0.3757321121519538,
          0.4948460179971021,
          6.526024612535046
        ],
        [
          0.5619741318362558,
          0.08886800142399122,
          0.8223670430347949,
          7.319268225244763
        ],
        [
          0.0,
          0.0,
          0.0,
          1.0
        ]
      ]
    },
    {
      "file_path": "C:\\Users\\HP\\Desktop\\hzq\\hanglok-robotics\\calibration\\saved_07_21_15_30\\images\\51.png",
      "sharpness": 50,
      "transform_matrix": [
        [
          0.27658850669043883,
          0.9200449751695752,
          -0.27751764201932994,
          -0.5321491960725739
        ],
        [
          -0.8131030547640496,
          0.37797736110064245,
          0.4427149611530715,
          6.741944048203429
        ],
        [
          0.5122130614306162,
          0.10320057248198956,
          0.8526355737003151,
          7.284758243909921
        ],
        [
          0.0,
          0.0,
          0.0,
          1.0
        ]
      ]
    },
    {
      "file_path": "C:\\Users\\HP\\Desktop\\hzq\\hanglok-robotics\\calibration\\saved_07_21_15_30\\images\\52.png",
      "sharpness": 50,
      "transform_matrix": [
        [
          0.2867642841440684,
          0.927248115794104,
          -0.24078450343745975,
          -0.5274705232093206
        ],
        [
          -0.8548258768096997,
          0.3611312710375689,
          0.3726351102825904,
          6.972309957032168
        ],
        [
          0.43248001766077976,
          0.09897038362598162,
          0.8961952340249627,
          7.438572632891455
        ],
        [
          0.0,
          0.0,
          0.0,
          1.0
        ]
      ]
    },
    {
      "file_path": "C:\\Users\\HP\\Desktop\\hzq\\hanglok-robotics\\calibration\\saved_07_21_15_30\\images\\53.png",
      "sharpness": 50,
      "transform_matrix": [
        [
          0.30705911433459915,
          0.9500951264231015,
          -0.05508131308459011,
          -0.5994477929981744
        ],
        [
          -0.8909876768520363,
          0.3073312918785362,
          0.3341981997708567,
          7.271265831341417
        ],
        [
          0.3344482919703182,
          -0.053541832050658024,
          0.9408919237716923,
          7.3622555325431955
        ],
        [
          0.0,
          0.0,
          0.0,
          1.0
        ]
      ]
    },
    {
      "file_path": "C:\\Users\\HP\\Desktop\\hzq\\hanglok-robotics\\calibration\\saved_07_21_15_30\\images\\54.png",
      "sharpness": 50,
      "transform_matrix": [
        [
          0.31047561714496447,
          0.9480735269805995,
          0.0690034680071959,
          -0.6980398353734997
        ],
        [
          -0.8928291869778844,
          0.26592694956861807,
          0.36350914757890157,
          7.4782096663307565
        ],
        [
          0.3262835178780311,
          -0.17446903717191847,
          0.9290315500721384,
          7.252948590206636
        ],
        [
          0.0,
          0.0,
          0.0,
          1.0
        ]
      ]
    },
    {
      "file_path": "C:\\Users\\HP\\Desktop\\hzq\\hanglok-robotics\\calibration\\saved_07_21_15_30\\images\\55.png",
      "sharpness": 50,
      "transform_matrix": [
        [
          0.3068378411474856,
          0.9358600425389325,
          0.17325276338049495,
          -0.7942740204189055
        ],
        [
          -0.8745151411447482,
          0.20538708881304904,
          0.4393625059759674,
          7.532363129361315
        ],
        [
          0.3755979328331451,
          -0.2863252076362262,
          0.8814443081236276,
          7.205897599608002
        ],
        [
          0.0,
          0.0,
          0.0,
          1.0
        ]
      ]
    },
    {
      "file_path": "C:\\Users\\HP\\Desktop\\hzq\\hanglok-robotics\\calibration\\saved_07_21_15_30\\images\\56.png",
      "sharpness": 50,
      "transform_matrix": [
        [
          0.3082154024908912,
          0.9193305378652491,
          0.24461117680059066,
          -0.9020891192728109
        ],
        [
          -0.8737901266503658,
          0.17190858326985398,
          0.454904664261084,
          7.477191098325706
        ],
        [
          0.37615698881679155,
          -0.3539474553468968,
          0.8562868202989817,
          7.4156897912832
        ],
        [
          0.0,
          0.0,
          0.0,
          1.0
        ]
      ]
    },
    {
      "file_path": "C:\\Users\\HP\\Desktop\\hzq\\hanglok-robotics\\calibration\\saved_07_21_15_30\\images\\67.png",
      "sharpness": 50,
      "transform_matrix": [
        [
          0.2605943260066814,
          0.9652467057023412,
          0.019733078419287047,
          -0.7787099740242397
        ],
        [
          -0.5704073649327148,
          0.13744201532116068,
          0.8097809150967776,
          5.59742324028954
        ],
        [
          0.7789262065713544,
          -0.22228020504587453,
          0.5864004392572738,
          7.682122917741687
        ],
        [
          0.0,
          0.0,
          0.0,
          1.0
        ]
      ]
    },
    {
      "file_path": "C:\\Users\\HP\\Desktop\\hzq\\hanglok-robotics\\calibration\\saved_07_21_15_30\\images\\68.png",
      "sharpness": 50,
      "transform_matrix": [
        [
          0.25273512569344153,
          0.9675354698385505,
          0.0002661672701901884,
