{
  "camera_angle_x": 1.2235306391055296,
  "camera_angle_y": 0.7521676402860731,
  "fl_x": 912.266,
  "fl_y": 911.672,
  "k1": 0,
  "k2": 0,
  "k3": 0,
  "k4": 0,
  "p1": 0,
  "p2": 0,
  "is_fisheye": false,
  "cx": 637.773,
  "cy": 375.817,
  "w": 1280,
  "h": 720,
  "aabb_scale": 8,
  "frames": [
    {
      "file_path": "C:\\Users\\HP\\Desktop\\hzq\\hanglok-robotics\\calibration\\saved_07_21_17_24\\images\\0.png",
      "sharpness": 50,
      "transform_matrix": [
        [
          -0.938781137404106,
          0.12628513059081817,
          0.32053399483660583,
          1.372412600957012
        ],
        [
          -0.17397820190812094,
          -0.9768226637962807,
          -0.12469590512425185,
          1.094246538066492
        ],
        [
          0.29735763201080007,
          -0.17282809171427924,
          0.9389935513087031,
          6.04832674853246
        ],
        [
          0.0,
          0.0,
          0.0,
          1.0
        ]
      ]
    },
    {
      "file_path": "C:\\Users\\HP\\Desktop\\hzq\\hanglok-robotics\\calibration\\saved_07_21_17_24\\images\\1.png",
      "sharpness": 50,
      "transform_matrix": [
        [
          -0.944433299764333,
          0.13061609807061542,
          0.30163749306255183,
          1.2506357800291434
        ],
        [
          -0.1809843306528184,
          -0.9726668301668207,
          -0.14547820988512317,
          0.959064023193729
        ],
        [
          0.27439098810712587,
          -0.19198612558733516,
          0.942258411067558,
          6.07785612196583
        ],
        [
          0.0,
          0.0,
          0.0,
          1.0
        ]
      ]
    },
    {
      "file_path": "C:\\Users\\HP\\Desktop\\hzq\\hanglok-robotics\\calibration\\saved_07_21_17_24\\images\\2.png",
      "sharpness": 50,
      "transform_matrix": [
        [
          -0.938781137404106,
          0.12628513059081817,
          0.32053399483660583,
          1.372412600957012
        ],
        [
          -0.17397820190812094,
          -0.9768226637962807,
          -0.12469590512425185,
          1.094246538066492
        ],
        [
          0.29735763201080007,
          -0.17282809171427924,
          0.9389935513087031,
          6.04832674853246
        ],
        [
          0.0,
          0.0,
          0.0,
          1.0
        ]
      ]
    },
    {
      "file_path": "C:\\Users\\HP\\Desktop\\hzq\\hanglok-robotics\\calibration\\saved_07_21_17_24\\images\\3.png",
      "sharpness": 50,
      "transform_matrix": [
        [
          -0.941385466871878,
          0.12511710435065335,
          0.31327162808228276,
          1.3286577110376383
        ],
        [
          -0.1757701819840441,
          -0.9745745543392073,
          -0.13895783950476503,
          1.0063287858387728
        ],
        [
          0.2879205548197495,
          -0.18587670169616133,
          0.9394421780390978,
          6.062512037313374
        ],
        [
          0.0,
          0.0,
          0.0,
          1.0
        ]
      ]
    },
    {
      "file_path": "C:\\Users\\HP\\Desktop\\hzq\\hanglok-robotics\\calibration\\saved_07_21_17_24\\images\\4.png",
      "sharpness": 50,
      "transform_matrix": [
        [
          -0.941385466871878,
          0.12511710435065335,
          0.31327162808228276,
          1.3286577110376383
        ],
        [
          -0.1757701819840441,
          -0.9745745543392073,
          -0.13895783950476503,
          1.0063287858387728
        ],
        [
          0.2879205548197495,
          -0.18587670169616133,
          0.9394421780390978,
          6.062512037313374
        ],
        [
          0.0,
          0.0,
          0.0,
          1.0
        ]
      ]
    },
    {
      "file_path": "C:\\Users\\HP\\Desktop\\hzq\\hanglok-robotics\\calibration\\saved_07_21_17_24\\images\\5.png",
      "sharpness": 50,
      "transform_matrix": [
        [
          -0.944433299764333,
          0.13061609807061542,
          0.30163749306255183,
          1.2506357800291434
        ],
        [
          -0.1809843306528184,
          -0.9726668301668207,
          -0.14547820988512317,
          0.959064023193729
        ],
        [
          0.27439098810712587,
          -0.19198612558733516,
          0.942258411067558,
          6.07785612196583
        ],
        [
          0.0,
          0.0,
          0.0,
          1.0
        ]
      ]
    },
    {
      "file_path": "C:\\Users\\HP\\Desktop\\hzq\\hanglok-robotics\\calibration\\saved_07_21_17_24\\images\\6.png",
      "sharpness": 50,
      "transform_matrix": [
        [
          -0.944433299764333,
          0.13061609807061542,
          0.30163749306255183,
          1.2506357800291434
        ],
        [
          -0.1809843306528184,
          -0.9726668301668207,
          -0.14547820988512317,
          0.959064023193729
        ],
        [
          0.27439098810712587,
          -0.19198612558733516,
          0.942258411067558,
          6.07785612196583
        ],
        [
          0.0,
          0.0,
          0.0,
          1.0
        ]
      ]
    },
    {
      "file_path": "C:\\Users\\HP\\Desktop\\hzq\\hanglok-robotics\\calibration\\saved_07_21_17_24\\images\\7.png",
      "sharpness": 50,
      "transform_matrix": [
        [
          -0.938781137404106,
          0.12628513059081817,
          0.32053399483660583,
          1.372412600957012
        ],
        [
          -0.17397820190812094,
          -0.9768226637962807,
          -0.12469590512425185,
          1.094246538066492
        ],
        [
          0.29735763201080007,
          -0.17282809171427924,
          0.9389935513087031,
          6.04832674853246
        ],
        [
          0.0,
          0.0,
          0.0,
          1.0
        ]
      ]
    },
    {
      "file_path": "C:\\Users\\HP\\Desktop\\hzq\\hanglok-robotics\\calibration\\saved_07_21_17_24\\images\\8.png",
      "sharpness": 50,
      "transform_matrix": [
        [
          -0.941385466871878,
          0.12511710435065335,
          0.31327162808228276,
          1.3286577110376383
        ],
        [
          -0.1757701819840441,
          -0.9745745543392073,
          -0.13895783950476503,
          1.0063287858387728
        ],
        [
          0.2879205548197495,
          -0.18587670169616133,
          0.9394421780390978,
          6.062512037313374
        ],
        [
          0.0,
          0.0,
          0.0,
          1.0
        ]
      ]
    },
    {
      "file_path": "C:\\Users\\HP\\Desktop\\hzq\\hanglok-robotics\\calibration\\saved_07_21_17_24\\images\\9.png",
      "sharpness": 50,
      "transform_matrix": [
        [
          -0.938781137404106,
          0.12628513059081817,
          0.32053399483660583,
          1.372412600957012
        ],
        [
          -0.17397820190812094,
          -0.9768226637962807,
          -0.12469590512425185,
          1.094246538066492
        ],
        [
          0.29735763201080007,
          -0.17282809171427924,
          0.9389935513087031,
          6.04832674853246
        ],
        [
          0.0,
          0.0,
          0.0,
          1.0
        ]
      ]
    },
    {
      "file_path": "C:\\Users\\HP\\Desktop\\hzq\\hanglok-robotics\\calibration\\saved_07_21_17_24\\images\\10.png",
      "sharpness": 50,
      "transform_matrix": [
        [
          -0.9410942167393294,
          0.1263621507898412,
          0.313646747261236,
          1.3270620868651322
        ],
        [
          -0.17131112798949646,
          -0.9778754314146946,
          -0.12005056460713094,
          1.124786600052664
        ],
        [
          0.29153760074260504,
          -0.16671007013162104,
          0.9419201557828323,
          6.045070756413269
        ],
        [
          0.0,
          0.0,
          0.0,
          1.0
        ]
      ]
    },
    {
      "file_path": "C:\\Users\\HP\\Desktop\\hzq\\hanglok-robotics\\calibration\\saved_07_21_17_24\\images\\11.png",
      "sharpness": 50,
      "transform_matrix": [
        [
          -0.944433299764333,
          0.13061609807061542,
          0.30163749306255183,
          1.2506357800291434
        ],
        [
          -0.1809843306528184,
          -0.9726668301668207,
          -0.14547820988512317,
          0.959064023193729
        ],
        [
          0.27439098810712587,
          -0.19198612558733516,
          0.942258411067558,
          6.07785612196583
        ],
        [
          0.0,
          0.0,
          0.0,
          1.0
        ]
      ]
    },
    {
      "file_path": "C:\\Users\\HP\\Desktop\\hzq\\hanglok-robotics\\calibration\\saved_07_21_17_24\\images\\12.png",
      "sharpness": 50,
      "transform_matrix": [
        [
          -0.944433299764333,
          0.13061609807061542,
          0.30163749306255183,
          1.2506357800291434
        ],
        [
          -0.1809843306528184,
          -0.9726668301668207,
          -0.14547820988512317,
          0.959064023193729
        ],
        [
          0.27439098810712587,
          -0.19198612558733516,
          0.942258411067558,
          6.07785612196583
        ],
        [
          0.0,
          0.0,
          0.0,
          1.0
        ]
      ]
    },
    {
      "file_path": "C:\\Users\\HP\\Desktop\\hzq\\hanglok-robotics\\calibration\\saved_07_21_17_24\\images\\13.png",
      "sharpness": 50,
      "transform_matrix": [
        [
          -0.938781137404106,
          0.12628513059081817,
          0.32053399483660583,
          1.372412600957012
        ],
        [
          -0.17397820190812094,
          -0.9768226637962807,
          -0.12469590512425185,
          1.094246538066492
        ],
        [
          0.29735763201080007,
          -0.17282809171427924,
          0.9389935513087031,
          6.04832674853246
        ],
        [
          0.0,
          0.0,
          0.0,
          1.0
        ]
      ]
    },
    {
      "file_path": "C:\\Users\\HP\\Desktop\\hzq\\hanglok-robotics\\calibration\\saved_07_21_17_24\\images\\14.png",
      "sharpness": 50,
      "transform_matrix": [
        [
          -0.938781137404106,
          0.12628513059081817,
          0.32053399483660583,
          1.372412600957012
        ],
        [
          -0.17397820190812094,
          -0.9768226637962807,
          -0.12469590512425185,
          1.094246538066492
        ],
        [
          0.29735763201080007,
          -0.17282809171427924,
          0.9389935513087031,
          6.04832674853246
        ],
        [
          0.0,
          0.0,
          0.0,
          1.0
        ]
      ]
    },
    {
      "file_path": "C:\\Users\\HP\\Desktop\\hzq\\hanglok-robotics\\calibration\\saved_07_21_17_24\\images\\15.png",
      "sharpness": 50,
      "transform_matrix": [
        [
          -0.938781137404106,
          0.12628513059081817,
          0.32053399483660583,
          1.372412600957012
        ],
        [
          -0.17397820190812094,
          -0.9768226637962807,
          -0.12469590512425185,
          1.094246538066492
        ],
        [
          0.29735763201080007,
          -0.17282809171427924,
          0.9389935513087031,
          6.04832674853246
        ],
        [
          0.0,
          0.0,
          0.0,
          1.0
        ]
      ]
    },
    {
      "file_path": "C:\\Users\\HP\\Desktop\\hzq\\hanglok-robotics\\calibration\\saved_07_21_17_24\\images\\16.png",
      "sharpness": 50,
      "transform_matrix": [
        [
          -0.938781137404106,
          0.12628513059081817,
          0.32053399483660583,
          1.372412600957012
        ],
        [
          -0.17397820190812094,
          -0.9768226637962807,
          -0.12469590512425185,
          1.094246538066492
        ],
        [
          0.29735763201080007,
          -0.17282809171427924,
          0.9389935513087031,
          6.04832674853246
        ],
        [
          0.0,
          0.0,
          0.0,
          1.0
        ]
      ]
    },
    {
      "file_path": "C:\\Users\\HP\\Desktop\\hzq\\hanglok-robotics\\calibration\\saved_07_21_17_24\\images\\17.png",
      "sharpness": 50,
      "transform_matrix": [
        [
          -0.938781137404106,
          0.12628513059081817,
          0.32053399483660583,
          1.372412600957012
        ],
        [
          -0.17397820190812094,
          -0.9768226637962807,
          -0.12469590512425185,
          1.094246538066492
        ],
        [
          0.29735763201080007,
          -0.17282809171427924,
          0.9389935513087031,
          6.04832674853246
        ],
        [
          0.0,
          0.0,
          0.0,
          1.0
        ]
      ]
    },
    {
      "file_path": "C:\\Users\\HP\\Desktop\\hzq\\hanglok-robotics\\calibration\\saved_07_21_17_24\\images\\18.png",
      "sharpness": 50,
      "transform_matrix": [
        [
          -0.938781137404106,
          0.12628513059081817,
          0.32053399483660583,
          1.372412600957012
        ],
        [
          -0.17397820190812094,
          -0.9768226637962807,
          -0.12469590512425185,
          1.094246538066492
        ],
        [
          0.29735763201080007,
          -0.17282809171427924,
          0.9389935513087031,
          6.04832674853246
        ],
        [
          0.0,
          0.0,
          0.0,
          1.0
        ]
      ]
    },
    {
      "file_path": "C:\\Users\\HP\\Desktop\\hzq\\hanglok-robotics\\calibration\\saved_07_21_17_24\\images\\19.png",
      "sharpness": 50,
      "transform_matrix": [
        [
          -0.938781137404106,
          0.12628513059081817,
          0.32053399483660583,
          1.372412600957012
        ],
        [
          -0.17397820190812094,
          -0.9768226637962807,
          -0.12469590512425185,
          1.094246538066492
        ],
        [
          0.29735763201080007,
          -0.17282809171427924,
          0.9389935513087031,
          6.04832674853246
        ],
        [
          0.0,
          0.0,
          0.0,
          1.0
        ]
      ]
    },
    {
      "file_path": "C:\\Users\\HP\\Desktop\\hzq\\hanglok-robotics\\calibration\\saved_07_21_17_24\\images\\20.png",
      "sharpness": 50,
      "transform_matrix": [
        [
          -0.9441063687955782,
          0.13057240617891522,
          0.3026780651852331,
          1.2578433780450442
        ],
        [
          -0.18084353297126535,
          -0.9728531559930996,
          -0.14440343990617863,
          0.9594640835883027
        ],
        [
          0.27560620635627686,
          -0.1910695779524173,
          0.9420900357179172,
          6.074022902750054
        ],
        [
          0.0,
          0.0,
          0.0,
          1.0
        ]
      ]
    },
    {
      "file_path": "C:\\Users\\HP\\Desktop\\hzq\\hanglok-robotics\\calibration\\saved_07_21_17_24\\images\\23.png",
      "sharpness": 50,
      "transform_matrix": [
        [
          -0.9472434196748758,
          0.14153792474533344,
          0.287570721286837,
          1.199013210249927
        ],
        [
          -0.17392397935606876,
          -0.9806144975775106,
          -0.09025329105221501,
          1.163240108739911
        ],
        [
          0.269221754855727,
          -0.13550728024571365,
          0.9534974691695896,
          5.955500679259389
        ],
        [
          0.0,
          0.0,
          0.0,
          1.0
        ]
      ]
    },
    {
      "file_path": "C:\\Users\\HP\\Desktop\\hzq\\hanglok-robotics\\calibration\\saved_07_21_17_24\\images\\24.png",
      "sharpness": 50,
      "transform_matrix": [
        [
          -0.9471529007642476,
          0.13508666165708813,
          0.29095184552811304,
          1.2423007573735252
        ],
        [
          -0.17399859552798147,
          -0.9783336277124218,
          -0.11219537263783765,
          0.9815823404915744
        ],
        [
          0.2694918761821245,
          -0.1568913851344195,
          0.9501364228059264,
          5.930712614236093
        ],
        [
          0.0,
          0.0,
          0.0,
          1.0
        ]
      ]
    },
    {
      "file_path": "C:\\Users\\HP\\Desktop\\hzq\\hanglok-robotics\\calibration\\saved_07_21_17_24\\images\\25.png",
      "sharpness": 50,
      "transform_matrix": [
        [
          -0.9487567146668913,
          0.13988524292286694,
          0.28335986869508833,
          1.2060867520614222
        ],
        [
          -0.17308117342937915,
          -0.9802571492837261,
          -0.09559722110213772,
          1.0322343907966656
        ],
        [
          0.2643928966118348,
          -0.1397427640006893,
          0.9542370544737041,
          5.9007317736019775
        ],
        [
          0.0,
          0.0,
          0.0,
          1.0
        ]
      ]
    },
    {
      "file_path": "C:\\Users\\HP\\Desktop\\hzq\\hanglok-robotics\\calibration\\saved_07_21_17_24\\images\\26.png",
      "sharpness": 50,
      "transform_matrix": [
        [
          -0.9422550458206806,
          0.13899751779921754,
          0.30468856012512713,
          1.3584620233926852
        ],
        [
          -0.18036102583885177,
          -0.9772062112982599,
          -0.11197285813292587,
          0.8640372588233979
        ],
        [
          0.28217960412443716,
          -0.1604609318362433,
          0.945847218302417,
          5.861582742438936
        ],
        [
          0.0,
          0.0,
          0.0,
          1.0
        ]
      ]
    },
    {
      "file_path": "C:\\Users\\HP\\Desktop\\hzq\\hanglok-robotics\\calibration\\saved_07_21_17_24\\images\\28.png",
      "sharpness": 50,
      "transform_matrix": [
        [
          -0.951174720940151,
          0.15538602722185585,
          0.26668676905432476,
          1.1484172737429368
        ],
        [
          -0.18243709890379628,
          -0.9799822280118002,
          -0.0796965352107256,
          0.9565075819961901
        ],
        [
          0.24896456612938414,
          -0.12445889010125655,
          0.9604824982719732,
          5.832233528063722
        ],
        [
          0.0,
          0.0,
          0.0,
          1.0
        ]
      ]
    },
    {
      "file_path": "C:\\Users\\HP\\Desktop\\hzq\\hanglok-robotics\\calibration\\saved_07_21_17_24\\images\\29.png",
      "sharpness": 50,
      "transform_matrix": [
        [
          -0.9455137194774512,
          0.15059288081705388,
          0.2886617233495569,
          1.3028402124676834
        ],
        [
          -0.18229187978838982,
          -0.9794658808507998,
          -0.08611770324608845,
          0.8629725130800632
        ],
        [
          0.2697655961073071,
          -0.13404615808141135,
          0.9535502874313877,
          5.787465074185326
        ],
        [
          0.0,
          0.0,
          0.0,
          1.0
        ]
      ]
    },
    {
      "file_path": "C:\\Users\\HP\\Desktop\\hzq\\hanglok-robotics\\calibration\\saved_07_21_17_24\\images\\30.png",
      "sharpness": 50,
      "transform_matrix": [
        [
          -0.9494996852173728,
          0.15368464292869452,
          0.27355324582243484,
          1.2256519651491264
        ],
        [
          -0.18283564531851598,
          -0.9795212494248527,
          -0.08431636096356392,
          0.8264657308816595
        ],
        [
          0.2549930873044829,
          -0.13007364242249786,
          0.9581541488580387,
          5.77344544332804
        ],
        [
          0.0,
          0.0,
          0.0,
          1.0
        ]
      ]
    },
    {
      "file_path": "C:\\Users\\HP\\Desktop\\hzq\\hanglok-robotics\\calibration\\saved_07_21_17_24\\images\\31.png",
      "sharpness": 50,
      "transform_matrix": [
        [
          -0.9479594675627657,
          0.1619719294802408,
          0.2741130093931432,
          1.2462588206825225
        ],
        [
          -0.17950922038205208,
          -0.9829436859886531,
          -0.039976867972211276,
          1.0166363263955347
        ],
        [
          0.2629625213903027,
          -0.08710226309050564,
          0.9608662279987609,
          5.71350288466401
        ],
        [
          0.0,
          0.0,
          0.0,
          1.0
        ]
      ]
    },
    {
      "file_path": "C:\\Users\\HP\\Desktop\\hzq\\hanglok-robotics\\calibration\\saved_07_21_17_24\\images\\33.png",
      "sharpness": 50,
      "transform_matrix": [
        [
          -0.9409452041602138,
          0.1595634606664275,
          0.2985994386934561,
          1.4323107642649249
        ],
        [
          -0.19226201092221012,
          -0.9777978768342291,
          -0.08334645292165745,
          0.6393323743661552
        ],
        [
          0.2786708487159027,
          -0.1358337737038457,
          0.9507322146626412,
          5.633360129086362
        ],
        [
          0.0,
          0.0,
          0.0,
          1.0
        ]
      ]
    },
    {
      "file_path": "C:\\Users\\HP\\Desktop\\hzq\\hanglok-robotics\\calibration\\saved_07_21_17_24\\images\\35.png",
      "sharpness": 50,
      "transform_matrix": [
        [
          -0.9392865005984771,
          0.1649371754436499,
          0.30089300083275095,
          1.4822984756188078
        ],
        [
          -0.18353268813274135,
          -0.9824111775575654,
          -0.034409745664952605,
          0.8105604944209011
        ],
        [
          0.28992520100922087,
          -0.08754431087527893,
          0.9530369202990696,
          5.546809652045192
        ],
        [
          0.0,
          0.0,
          0.0,
          1.0
        ]
      ]
    },
    {
      "file_path": "C:\\Users\\HP\\Desktop\\hzq\\hanglok-robotics\\calibration\\saved_07_21_17_24\\images\\36.png",
      "sharpness": 50,
      "transform_matrix": [
        [
          -0.9505921081894788,
          0.17597572280317955,
          0.25574829194303633,
          1.2370352796613848
        ],
        [
          -0.18846100763766016,
          -0.9817634840664817,
          -0.024958164071929065,
          0.8039840592776827
        ],
        [
          0.246692303179649,
          -0.07192361460286906,
          0.9664211821014572,
          5.578313662132801
        ],
        [
          0.0,
          0.0,
          0.0,
          1.0
        ]
      ]
    },
    {
      "file_path": "C:\\Users\\HP\\Desktop\\hzq\\hanglok-robotics\\calibration\\saved_07_21_17_24\\images\\37.png",
      "sharpness": 50,
      "transform_matrix": [
        [
          -0.9488258151991023,
          0.17598213774371946,
          0.2622210129011584,
          1.2944248897820192
        ],
        [
          -0.19337226846826333,
          -0.9802326217242936,
          -0.04184702014427772,
          0.6441663141828258
        ],
        [
          0.24967326288410782,
          -0.09041180510679031,
          0.9641000815777039,
          5.537180878954389
        ],
        [
          0.0,
          0.0,
          0.0,
          1.0
        ]
      ]
    },
    {
      "file_path": "C:\\Users\\HP\\Desktop\\hzq\\hanglok-robotics\\calibration\\saved_07_21_17_24\\images\\38.png",
      "sharpness": 50,
      "transform_matrix": [
        [
          -0.9442647171695164,
          0.17993560328849273,
          0.27565798116140106,
          1.3859623599555841
        ],
        [
          -0.19243141730597824,
          -0.9811314784316839,
          -0.01873957481027279,
          0.7168773684743345
        ],
        [
          0.26708480589952244,
          -0.0707403753146923,
          0.9610731011520146,
          5.482639642990158
        ],
        [
          0.0,
          0.0,
          0.0,
          1.0
        ]
      ]
    },
    {
      "file_path": "C:\\Users\\HP\\Desktop\\hzq\\hanglok-robotics\\calibration\\saved_07_21_17_24\\images\\39.png",
      "sharpness": 50,
      "transform_matrix": [
        [
          -0.9462607972591239,
          0.18437096741079825,
          0.26570255916444135,
          1.3471298313065752
        ],
        [
          -0.19256534607320172,
          -0.9812719739339099,
          -0.004888830489601834,
          0.7360685391178252
        ],
        [
          0.25982511630370764,
          -0.055791213894791365,
          0.9640426595280474,
          5.471739886263047
        ],
        [
          0.0,
          0.0,
          0.0,
          1.0
        ]
      ]
    },
    {
      "file_path": "C:\\Users\\HP\\Desktop\\hzq\\hanglok-robotics\\calibration\\saved_07_21_17_24\\images\\40.png",
      "sharpness": 50,
      "transform_matrix": [
        [
          -0.9393071552433294,
          0.18200818830420482,
          0.2908179628202235,
          1.5027472245826339
        ],
        [
          -0.1961433947543846,
          -0.9803721670475256,
          -0.019954517602855833,
          0.6044472646712101
        ],
        [
          0.2814779508290293,
          -0.07578544364690452,
          0.9565702952362322,
          5.388037096931532
        ],
        [
          0.0,
          0.0,
          0.0,
          1.0
        ]
      ]
    },
    {
      "file_path": "C:\\Users\\HP\\Desktop\\hzq\\hanglok-robotics\\calibration\\saved_07_21_17_24\\images\\41.png",
      "sharpness": 50,
      "transform_matrix": [
        [
          -0.9414758775328266,
          0.18633625940441392,
          0.2808949455845814,
          1.4650919908335875
        ],
        [
          -0.1968290740007672,
          -0.9803932117318966,
          -0.009352326877144627,
          0.6055990114407508
        ],
        [
          0.2736448202539096,
          -0.06409328218454265,
          0.9596929527338514,
          5.3814713547637485
        ],
        [
          0.0,
          0.0,
          0.0,
          1.0
        ]
      ]
    },
    {
      "file_path": "C:\\Users\\HP\\Desktop\\hzq\\hanglok-robotics\\calibration\\saved_07_21_17_24\\images\\42.png",
      "sharpness": 50,
      "transform_matrix": [
        [
          -0.9486077363977369,
          0.1896764888898391,
          0.2533104656519042,
          1.3311746168268677
        ],
        [
          -0.19423269787990197,
          -0.9809294980975977,
          0.007139946518556956,
          0.6413817867333756
        ],
        [
          0.24983398792129252,
          -0.04242816663981441,
          0.9673586869175919,
          5.37506001152475
        ],
        [
          0.0,
          0.0,
          0.0,
          1.0
        ]
      ]
    },
    {
      "file_path": "C:\\Users\\HP\\Desktop\\hzq\\hanglok-robotics\\calibration\\saved_07_21_17_24\\images\\43.png",
      "sharpness": 50,
      "transform_matrix": [
        [
          -0.9474667538766816,
          0.196246930723355,
          0.25257452856542445,
          1.3453600110690314
        ],
        [
          -0.20006318625297265,
          -0.9797240460463684,
          0.010747795347991975,
          0.6014574169500277
        ],
        [
          0.2495625609034578,
          -0.0403476861814484,
          0.9675177478553618,
          5.3448508888070325
        ],
        [
          0.0,
          0.0,
          0.0,
          1.0
        ]
      ]
    },
    {
      "file_path": "C:\\Users\\HP\\Desktop\\hzq\\hanglok-robotics\\calibration\\saved_07_21_17_24\\images\\44.png",
      "sharpness": 50,
      "transform_matrix": [
        [
          -0.9434406850457875,
          0.19481081666359296,
          0.268269304079313,
          1.449269313298084
        ],
        [
          -0.1980813855137153,
          -0.9800693062509496,
          0.015097008238381136,
          0.5745421899113401
        ],
        [
          0.26586357124153326,
          -0.038896023648270286,
          0.9632256541595282,
          5.2936989505789125
        ],
        [
          0.0,
          0.0,
          0.0,
          1.0
        ]
      ]
    },
    {
      "file_path": "C:\\Users\\HP\\Desktop\\hzq\\hanglok-robotics\\calibration\\saved_07_21_17_24\\images\\45.png",
      "sharpness": 50,
      "transform_matrix": [
        [
          -0.938348126613613,
          0.19503824416179869,
          0.2854170222586684,
          1.5555973773996559
        ],
        [
          -0.2041147974410283,
          -0.9789447092702552,
          -0.002098965789118403,
          0.4355186403799113
        ],
        [
          0.2789981052737287,
          -0.060227398300594905,
          0.9584011257023912,
          5.225045286880649
        ],
        [
          0.0,
          0.0,
          0.0,
          1.0
        ]
      ]
    },
    {
      "file_path": "C:\\Users\\HP\\Desktop\\hzq\\hanglok-robotics\\calibration\\saved_07_21_17_24\\images\\47.png",
      "sharpness": 50,
      "transform_matrix": [
        [
          -0.9439192749463636,
          0.20841033149486438,
          0.2560889222729713,
          1.429217237573725
        ],
        [
          -0.20068835651652162,
          -0.9780400303135554,
          0.05623062033231397,
          0.6427383281101618
        ],
        [
          0.262184259526442,
          0.0016831014408122023,
          0.9650163631908586,
          5.178008266005407
        ],
        [
          0.0,
          0.0,
          0.0,
          1.0
        ]
      ]
    },
    {
      "file_path": "C:\\Users\\HP\\Desktop\\hzq\\hanglok-robotics\\calibration\\saved_07_21_17_24\\images\\48.png",
      "sharpness": 50,
      "transform_matrix": [
        [
          -0.9453889920115787,
          0.20727215064995805,
          0.251551007448335,
          1.4267236939091132
        ],
        [
          -0.20063533425097002,
          -0.9782825014214442,
          0.052046230051778504,
          0.5656419836641023
        ],
        [
          0.25687568283769624,
          -0.0012660874939113425,
          0.9664436251479572,
          5.159003885169915
        ],
        [
          0.0,
          0.0,
          0.0,
          1.0
        ]
      ]
    },
    {
      "file_path": "C:\\Users\\HP\\Desktop\\hzq\\hanglok-robotics\\calibration\\saved_07_21_17_24\\images\\49.png",
      "sharpness": 50,
      "transform_matrix": [
        [
          -0.939466905948553,
          0.20764227492745377,
          0.272555715937869,
          1.5528624851919763
        ],
        [
          -0.2029388798620224,
          -0.9781260745327058,
          0.04566391747964328,
          0.48344362417257314
        ],
        [
          0.27607561222933164,
          -0.012412412424332164,
          0.9610557675546241,
          5.084388347829582
        ],
        [
          0.0,
          0.0,
          0.0,
          1.0
        ]
      ]
    },
    {
      "file_path": "C:\\Users\\HP\\Desktop\\hzq\\hanglok-robotics\\calibration\\saved_07_21_17_24\\images\\50.png",
      "sharpness": 50,
      "transform_matrix": [
        [
          -0.9379585214463128,
          0.21148600622198663,
          0.27478624641440985,
          1.5786454673025216
        ],
        [
          -0.20262147496995694,
          -0.9773803353219563,
          0.060598828428777604,
          0.5128838560748294
        ],
        [
          0.28138647786851095,
          0.0011615929644892978,
          0.9595938207254873,
          5.029180959832054
        ],
        [
          0.0,
          0.0,
          0.0,
          1.0
        ]
      ]
    },
    {
      "file_path": "C:\\Users\\HP\\Desktop\\hzq\\hanglok-robotics\\calibration\\saved_07_21_17_24\\images\\51.png",
      "sharpness": 50,
      "transform_matrix": [
        [
          -0.9422988028556195,
          0.2107171303620589,
          0.26013699680907654,
          1.516261433860801
        ],
        [
          -0.2081769763084164,
          -0.9773678849212929,
          0.03760803184910557,
          0.35752222989419485
        ],
        [
          0.2621742029108727,
          -0.018716530032497507,
          0.9648390429660229,
          5.023419172019042
        ],
        [
          0.0,
          0.0,
          0.0,
          1.0
        ]
      ]
    },
    {
      "file_path": "C:\\Users\\HP\\Desktop\\hzq\\hanglok-robotics\\calibration\\saved_07_21_17_24\\images\\52.png",
      "sharpness": 50,
      "transform_matrix": [
        [
          -0.940048043935639,
          0.21336913222473683,
          0.26605128924032967,
          1.5629062218629675
        ],
        [
          -0.2065056090990767,
          -0.9769621288982232,
          0.05385565995576674,
          0.400639429461526
        ],
        [
          0.27141316936250176,
          -0.004314175739887457,
          0.9624532608829829,
          4.9743743776531995
        ],
        [
          0.0,
          0.0,
          0.0,
          1.0
        ]
      ]
    },
    {
      "file_path": "C:\\Users\\HP\\Desktop\\hzq\\hanglok-robotics\\calibration\\saved_07_21_17_24\\images\\53.png",
      "sharpness": 50,
      "transform_matrix": [
        [
          -0.9334873849515841,
          0.21604470625771,
          0.2862271598473369,
          1.6818178390452796
        ],
        [
          -0.2056843512395515,
          -0.9763791939913238,
          0.06616356396096056,
          0.4246047303087185
        ],
        [
          0.2937605313710777,
          0.0028904046206550235,
          0.9558746757654536,
          4.899161277548841
        ],
        [
          0.0,
          0.0,
          0.0,
          1.0
        ]
      ]
    },
    {
      "file_path": "C:\\Users\\HP\\Desktop\\hzq\\hanglok-robotics\\calibration\\saved_07_21_17_24\\images\\55.png",
      "sharpness": 50,
      "transform_matrix": [
        [
          -0.9407363018670892,
          0.21564020340574996,
          0.2617527708058879,
          1.5759567922995261
        ],
        [
          -0.20487466610031524,
          -0.9764172404755412,
          0.0680862959222611,
          0.38768181522740375
        ],
        [
          0.2702620608589323,
          0.010424738714047574,
          0.962730358554786,
          4.895884193457623
        ],
        [
          0.0,
          0.0,
          0.0,
          1.0
        ]
      ]
    },
    {
      "file_path": "C:\\Users\\HP\\Desktop\\hzq\\hanglok-robotics\\calibration\\saved_07_21_17_24\\images\\56.png",
      "sharpness": 50,
      "transform_matrix": [
        [
          -0.9407363018670892,
          0.21564020340574996,
          0.2617527708058879,
          1.5759567922995261
        ],
        [
          -0.20487466610031524,
          -0.9764172404755412,
          0.0680862959222611,
          0.38768181522740375
        ],
        [
          0.2702620608589323,
          0.010424738714047574,
          0.962730358554786,
          4.895884193457623
        ],
        [
          0.0,
          0.0,
          0.0,
          1.0
        ]
      ]
    },
    {
      "file_path": "C:\\Users\\HP\\Desktop\\hzq\\hanglok-robotics\\calibration\\saved_07_21_17_24\\images\\57.png",
      "sharpness": 50,
      "transform_matrix": [
        [
          -0.9407363018670892,
          0.21564020340574996,
          0.2617527708058879,
          1.5759567922995261
        ],
        [
          -0.20487466610031524,
          -0.9764172404755412,
          0.0680862959222611,
          0.38768181522740375
        ],
        [
          0.2702620608589323,
          0.010424738714047574,
          0.962730358554786,
          4.895884193457623
        ],
        [
          0.0,
          0.0,
          0.0,
          1.0
        ]
      ]
    },
    {
      "file_path": "C:\\Users\\HP\\Desktop\\hzq\\hanglok-robotics\\calibration\\saved_07_21_17_24\\images\\59.png",
      "sharpness": 50,
      "transform_matrix": [
        [
          -0.937676632232078,
          0.22352109132204234,
          0.2660843007396556,
          1.584091894479289
        ],
        [
          -0.21877524210875843,
          -0.974606404327785,
          0.04774672851116733,
          0.30599570935351195
        ],
        [
          0.2699998644558223,
          -0.013441665725207141,
          0.9627665318322867,
          4.815517264249693
        ],
        [
          0.0,
          0.0,
          0.0,
          1.0
        ]
      ]
    },
    {
      "file_path": "C:\\Users\\HP\\Desktop\\hzq\\hanglok-robotics\\calibration\\saved_07_21_17_24\\images\\60.png",
      "sharpness": 50,
      "transform_matrix": [
        [
          -0.9381676950065578,
          0.22758462327690562,
          0.2608574616413938,
          1.5487017472971683
        ],
        [
          -0.22254895750819448,
          -0.9736844598702764,
          0.04909719054226477,
          0.3260113848440428
        ],
        [
          0.26516662225494775,
          -0.011992158064191715,
          0.9641280260353733,
          4.7713866864029955
        ],
        [
          0.0,
          0.0,
          0.0,
          1.0
        ]
      ]
    },
    {
      "file_path": "C:\\Users\\HP\\Desktop\\hzq\\hanglok-robotics\\calibration\\saved_07_21_17_24\\images\\61.png",
      "sharpness": 50,
      "transform_matrix": [
        [
          -0.9416686406188607,
          0.23288841536196342,
          0.24294681982940317,
          1.4541886217206115
        ],
        [
          -0.22651805024261584,
          -0.9724954265641472,
          0.054242218115616865,
          0.3677074773502862
        ],
        [
          0.2488970554050623,
          -0.003953644143315781,
          0.9685218761126037,
          4.773878612598466
        ],
        [
          0.0,
          0.0,
          0.0,
          1.0
        ]
      ]
    },
    {
      "file_path": "C:\\Users\\HP\\Desktop\\hzq\\hanglok-robotics\\calibration\\saved_07_21_17_24\\images\\62.png",
      "sharpness": 50,
      "transform_matrix": [
        [
          -0.939758335355694,
          0.2353536140525955,
          0.24791721901045277,
          1.471629047868297
        ],
        [
          -0.2345983568200276,
          -0.9715312236206081,
          0.03302563409819041,
          0.2900318372532408
        ],
        [
          0.2486320214832311,
          -0.02712485728306144,
          0.9682181365841767,
          4.6995119371467045
        ],
        [
          0.0,
          0.0,
          0.0,
          1.0
        ]
      ]
    },
    {
      "file_path": "C:\\Users\\HP\\Desktop\\hzq\\hanglok-robotics\\calibration\\saved_07_21_17_24\\images\\63.png",
      "sharpness": 50,
      "transform_matrix": [
        [
          -0.9448261785241697,
          0.23993711940795062,
          0.22301047308507443,
          1.3502350442320543
        ],
        [
          -0.2422408502620922,
          -0.9700603000044932,
          0.01738921560886933,
          0.22690079646305286
        ],
        [
          0.22050592472700709,
          -0.037592460486219,
          0.9746609380060737,
          4.693560669272765
        ],
        [
          0.0,
          0.0,
          0.0,
          1.0
        ]
      ]
    },
    {
      "file_path": "C:\\Users\\HP\\Desktop\\hzq\\hanglok-robotics\\calibration\\saved_07_21_17_24\\images\\64.png",
      "sharpness": 50,
      "transform_matrix": [
        [
          -0.9413876995231056,
          0.24428070212082958,
          0.232628755225895,
          1.3954124041608154
        ],
        [
          -0.24582592331280637,
          -0.9690460283130297,
          0.022790577837094518,
          0.2781374684489987
        ],
        [
          0.23099526967884237,
          -0.03573140890164977,
          0.9722985404719593,
          4.64289168737211
        ],
        [
          0.0,
          0.0,
          0.0,
          1.0
        ]
      ]
    },
    {
      "file_path": "C:\\Users\\HP\\Desktop\\hzq\\hanglok-robotics\\calibration\\saved_07_21_17_24\\images\\66.png",
      "sharpness": 50,
