{
  "camera_angle_x": 1.2235306391055296,
  "camera_angle_y": 0.7521676402860731,
  "fl_x": 912.266,
  "fl_y": 911.672,
  "k1": 0,
  "k2": 0,
  "k3": 0,
  "k4": 0,
  "p1": 0,
  "p2": 0,
  "is_fisheye": false,
  "cx": 637.773,
  "cy": 375.817,
  "w": 1280,
  "h": 720,
  "aabb_scale": 4,
  "frames": [
    {
      "file_path": "C:\\Users\\HP\\Desktop\\hzq\\hanglok-robotics\\calibration\\saved_07_21_16_46\\images\\0.png",
      "sharpness": 50,
      "transform_matrix": [
        [
          -0.898212071903841,
          0.24612173174544916,
          0.3641966049386383,
          0.38439599454897433
        ],
        [
          -0.3068928521626954,
          -0.944309715385289,
          -0.11872631856669696,
          -0.1390687994276604
        ],
        [
          0.3146932652244966,
          -0.21841074742689748,
          0.9237233862097292,
          5.24976689181344
        ],
        [
          0.0,
          0.0,
          0.0,
          1.0
        ]
      ]
    },
    {
      "file_path": "C:\\Users\\HP\\Desktop\\hzq\\hanglok-robotics\\calibration\\saved_07_21_16_46\\images\\74.png",
      "sharpness": 50,
      "transform_matrix": [
        [
          -0.9306498173043622,
          0.22204605059810384,
          0.29083753018677194,
          1.3229816955070857
        ],
        [
          -0.22530962063689539,
          -0.9740233995213612,
          0.022671392398983393,
          0.23533175065105297
        ],
        [
          0.2883166530046703,
          -0.04442936639920381,
          0.9565038102389085,
          4.977935500389055
        ],
        [
          0.0,
          0.0,
          0.0,
          1.0
        ]
      ]
    },
    {
      "file_path": "C:\\Users\\HP\\Desktop\\hzq\\hanglok-robotics\\calibration\\saved_07_21_16_46\\images\\77.png",
      "sharpness": 50,
      "transform_matrix": [
        [
          -0.9454960177263574,
          0.2178697816303435,
          0.24201247636422854,
          1.3765874518326997
        ],
        [
          -0.2039657591748977,
          -0.9755872233639984,
          0.0814096965547213,
          0.466620665192716
        ],
        [
          0.2538409926465926,
          0.027610285425373277,
          0.9668518100468767,
          4.962551542800428
        ],
        [
          0.0,
          0.0,
          0.0,
          1.0
        ]
      ]
    },
    {
      "file_path": "C:\\Users\\HP\\Desktop\\hzq\\hanglok-robotics\\calibration\\saved_07_21_16_46\\images\\78.png",
      "sharpness": 50,
      "transform_matrix": [
        [
          -0.9434419693187095,
          0.21561300480924186,
          0.2518497224242368,
          1.5276880776168396
        ],
        [
          -0.20063553602801715,
          -0.9760557103566044,
          0.08402756668507119,
          0.4644732101335925
        ],
        [
          0.2639367958636793,
          0.028745128933328652,
          0.9641115523381207,
          4.907943346792792
        ],
        [
          0.0,
          0.0,
          0.0,
          1.0
        ]
      ]
    },
    {
      "file_path": "C:\\Users\\HP\\Desktop\\hzq\\hanglok-robotics\\calibration\\saved_07_21_16_46\\images\\79.png",
      "sharpness": 50,
      "transform_matrix": [
        [
          -0.9410578459076601,
          0.2157903972960704,
          0.2604700272400622,
          1.575771232828461
        ],
        [
          -0.20496019265245682,
          -0.9763780484497012,
          0.06839024735604214,
          0.3849799003191075
        ],
        [
          0.26907517552442933,
          0.010973191894655229,
          0.9630566644679535,
          4.895923068269178
        ],
        [
          0.0,
          0.0,
          0.0,
          1.0
        ]
      ]
    },
    {
      "file_path": "C:\\Users\\HP\\Desktop\\hzq\\hanglok-robotics\\calibration\\saved_07_21_16_46\\images\\80.png",
      "sharpness": 50,
      "transform_matrix": [
        [
          -0.9410578459076601,
          0.2157903972960704,
          0.2604700272400622,
          1.575771232828461
        ],
        [
          -0.20496019265245682,
          -0.9763780484497012,
          0.06839024735604214,
          0.3849799003191075
        ],
        [
          0.26907517552442933,
          0.010973191894655229,
          0.9630566644679535,
          4.895923068269178
        ],
        [
          0.0,
          0.0,
          0.0,
          1.0
        ]
      ]
    },
    {
      "file_path": "C:\\Users\\HP\\Desktop\\hzq\\hanglok-robotics\\calibration\\saved_07_21_16_46\\images\\81.png",
      "sharpness": 50,
      "transform_matrix": [
        [
          -0.9410578459076601,
          0.2157903972960704,
          0.2604700272400622,
          1.575771232828461
        ],
        [
          -0.20496019265245682,
          -0.9763780484497012,
          0.06839024735604214,
          0.3849799003191075
        ],
        [
          0.26907517552442933,
          0.010973191894655229,
          0.9630566644679535,
          4.895923068269178
        ],
        [
          0.0,
          0.0,
          0.0,
          1.0
        ]
      ]
    },
    {
      "file_path": "C:\\Users\\HP\\Desktop\\hzq\\hanglok-robotics\\calibration\\saved_07_21_16_46\\images\\82.png",
      "sharpness": 50,
      "transform_matrix": [
        [
          -0.9358248999347601,
          0.2282645542115617,
          0.268564796562567,
          1.6560499332000915
        ],
        [
          -0.21582517030117476,
          -0.9735178454567994,
          0.07538236160814307,
          0.39764203472590254
        ],
        [
          0.2786597432830313,
          0.012581648053770038,
          0.9603074765957446,
          4.871229440501378
        ],
        [
          0.0,
          0.0,
          0.0,
          1.0
        ]
      ]
    },
    {
      "file_path": "C:\\Users\\HP\\Desktop\\hzq\\hanglok-robotics\\calibration\\saved_07_21_16_46\\images\\84.png",
      "sharpness": 50,
      "transform_matrix": [
        [
          -0.9298372449609008,
          0.2673213490875676,
          0.25286754280754287,
          1.7324348984071185
        ],
        [
          -0.26691652460827714,
          -0.9630254030268421,
          0.036573788647418795,
          0.16224446771184212
        ],
        [
          0.25329482184711294,
          -0.033486854838725946,
          0.9668093730298901,
          4.873695611667968
        ],
        [
          0.0,
          0.0,
          0.0,
          1.0
        ]
      ]
    },
    {
      "file_path": "C:\\Users\\HP\\Desktop\\hzq\\hanglok-robotics\\calibration\\saved_07_21_16_46\\images\\85.png",
      "sharpness": 50,
      "transform_matrix": [
        [
          -0.9330044261152376,
          0.29080019743237473,
          0.21198581561667812,
          1.6036424594067713
        ],
        [
          -0.2956165127435399,
          -0.9552610954423945,
          0.009333644922820593,
          0.018183107930426958
        ],
        [
          0.20521602823055726,
          -0.05395817553891781,
          0.9772281704135357,
          4.937012065742103
        ],
        [
          0.0,
          0.0,
          0.0,
          1.0
        ]
      ]
    },
    {
      "file_path": "C:\\Users\\HP\\Desktop\\hzq\\hanglok-robotics\\calibration\\saved_07_21_16_46\\images\\87.png",
      "sharpness": 50,
      "transform_matrix": [
        [
          -0.9168050790618466,
          0.344382778088776,
          0.2021607013300514,
          1.7144509498012817
        ],
        [
          -0.3605604151544893,
          -0.9314810654305882,
          -0.04836539845715059,
          -0.2574156605910136
        ],
        [
          0.17165265517906703,
          -0.11723278935585167,
          0.9781573692764488,
          4.913137773856853
        ],
        [
          0.0,
          0.0,
          0.0,
          1.0
        ]
      ]
    },
    {
      "file_path": "C:\\Users\\HP\\Desktop\\hzq\\hanglok-robotics\\calibration\\saved_07_21_16_46\\images\\88.png",
      "sharpness": 50,
      "transform_matrix": [
        [
          -0.9050785894393303,
          0.37557049553280736,
          0.19944811311154018,
          1.7875079163846535
        ],
        [
          -0.3960191877263899,
          -0.9152906986111228,
          -0.0735645294180164,
          -0.36055761287126786
        ],
        [
          0.15492433601936953,
          -0.14556696026641963,
          0.9771431370007938,
          4.904325725683132
        ],
        [
          0.0,
          0.0,
          0.0,
          1.0
        ]
      ]
    },
    {
      "file_path": "C:\\Users\\HP\\Desktop\\hzq\\hanglok-robotics\\calibration\\saved_07_21_16_46\\images\\89.png",
      "sharpness": 50,
      "transform_matrix": [
        [
          -0.8964716753132901,
          0.40447238948164377,
          0.180943697066221,
          1.7729138084125888
        ],
        [
          -0.42628233354496964,
          -0.8986979848207871,
          -0.1030791161511965,
          -0.4836283905607129
        ],
        [
          0.12092107950410544,
          -0.1695406093715191,
          0.9780767220957134,
          4.93056767372916
        ],
        [
          0.0,
          0.0,
          0.0,
          1.0
        ]
      ]
    },
    {
      "file_path": "C:\\Users\\HP\\Desktop\\hzq\\hanglok-robotics\\calibration\\saved_07_21_16_46\\images\\90.png",
      "sharpness": 50,
      "transform_matrix": [
        [
          -0.8795195238550765,
          0.4406845965601392,
          0.17956194895457966,
          1.8422421744086934
        ],
        [
          -0.4666866749520178,
          -0.872539823000986,
          -0.14449153850532911,
          -0.6480474930372938
        ],
        [
          0.09299975580596632,
          -0.21088229805281128,
          0.973077438741643,
          4.881980239494246
        ],
        [
          0.0,
          0.0,
          0.0,
          1.0
        ]
      ]
    },
    {
      "file_path": "C:\\Users\\HP\\Desktop\\hzq\\hanglok-robotics\\calibration\\saved_07_21_16_46\\images\\91.png",
      "sharpness": 50,
      "transform_matrix": [
        [
          -0.8651135632589323,
          0.47136143153544885,
          0.17145531058058683,
          1.8737974571593337
        ],
        [
          -0.4966487433601096,
          -0.8528095654771297,
          -0.1614183098335888,
          -0.6946860290965438
        ],
        [
          0.07013236331578358,
          -0.2247982337376361,
          0.9718781846117249,
          4.908420904847534
        ],
        [
          0.0,
          0.0,
          0.0,
          1.0
        ]
      ]
    },
    {
      "file_path": "C:\\Users\\HP\\Desktop\\hzq\\hanglok-robotics\\calibration\\saved_07_21_16_46\\images\\93.png",
      "sharpness": 50,
      "transform_matrix": [
        [
          -0.8311006075068529,
          0.5342337776891021,
          0.1544864103336299,
          1.9186762621225908
        ],
        [
          -0.5560190014421447,
          -0.7928928954963889,
          -0.249326545531421,
          -1.0474863036722153
        ],
        [
          -0.010707485093149813,
          -0.29311282306883546,
          0.9560178987422764,
          4.8652895145369435
        ],
        [
          0.0,
          0.0,
          0.0,
          1.0
        ]
      ]
    },
    {
      "file_path": "C:\\Users\\HP\\Desktop\\hzq\\hanglok-robotics\\calibration\\saved_07_21_16_46\\images\\94.png",
      "sharpness": 50,
      "transform_matrix": [
        [
          -0.8082358530031772,
          0.5681137555941852,
          0.15492439002589842,
          1.9788619992257683
        ],
        [
          -0.5874645106424227,
          -0.7598209825666796,
          -0.2784915136715373,
          -1.1390059968112012
        ],
        [
          -0.04050005748002478,
          -0.31609940707960127,
          0.9478612293938597,
          4.843529435046331
        ],
        [
          0.0,
          0.0,
          0.0,
          1.0
        ]
      ]
    },
    {
      "file_path": "C:\\Users\\HP\\Desktop\\hzq\\hanglok-robotics\\calibration\\saved_07_21_16_46\\images\\95.png",
      "sharpness": 50,
      "transform_matrix": [
        [
          -0.783048549581231,
          0.6010051847654339,
          0.16008665429634303,
          2.0616601990455297
        ],
        [
          -0.6177802444610075,
          -0.7217879012688433,
          -0.31204133562016545,
          -1.248761358483434
        ],
        [
          -0.07198985034314204,
          -0.34324188769290026,
          0.936484099160571,
          4.825090466170848
        ],
        [
          0.0,
          0.0,
          0.0,
          1.0
        ]
      ]
    },
    {
      "file_path": "C:\\Users\\HP\\Desktop\\hzq\\hanglok-robotics\\calibration\\saved_07_21_16_46\\images\\102.png",
      "sharpness": 50,
      "transform_matrix": [
        [
          -0.5721287443514008,
          0.7945707020950643,
          0.20328821721645826,
          2.479584969201028
        ],
        [
          -0.7388373049530814,
          -0.391704771061652,
          -0.5483491671710703,
          -2.076687042986496
        ],
        [
          -0.3560732181680568,
          -0.46392323901664556,
          0.8111640349545509,
          4.589995188762389
        ],
        [
          0.0,
          0.0,
          0.0,
          1.0
        ]
      ]
    },
    {
      "file_path": "C:\\Users\\HP\\Desktop\\hzq\\hanglok-robotics\\calibration\\saved_07_21_16_46\\images\\109.png",
      "sharpness": 50,
      "transform_matrix": [
        [
          -0.37013648974527225,
          0.8877017921046582,
          0.27383299153539997,
          2.8297263107641704
        ],
        [
          -0.7245983655667907,
          -0.09141588284294849,
          -0.6830815068364685,
          -2.73450237098917
        ],
        [
          -0.581339993099549,
          -0.45125232925517744,
          0.6770636216522,
          4.490421592722028
        ],
        [
          0.0,
          0.0,
          0.0,
          1.0
        ]
      ]
    },
    {
      "file_path": "C:\\Users\\HP\\Desktop\\hzq\\hanglok-robotics\\calibration\\saved_07_21_16_46\\images\\110.png",
      "sharpness": 50,
      "transform_matrix": [
        [
          -0.3492217011834944,
          0.8917327750791529,
          0.28784867773213507,
          2.887940683590818
        ],
        [
          -0.7102814848172653,
          -0.05154902994451458,
          -0.702027713012499,
          -2.854796398227763
        ],
        [
          -0.6111828005992043,
          -0.44961689843845004,
          0.6513833194750244,
          4.411204954428225
        ],
        [
          0.0,
          0.0,
          0.0,
          1.0
        ]
      ]
    },
    {
      "file_path": "C:\\Users\\HP\\Desktop\\hzq\\hanglok-robotics\\calibration\\saved_07_21_16_46\\images\\111.png",
      "sharpness": 50,
      "transform_matrix": [
        [
          -0.33036015535121216,
          0.8937218622826073,
          0.3035183695172855,
          2.9811630824896573
        ],
        [
          -0.7064518154125313,
          -0.020877303400941405,
          -0.7074531579567962,
          -2.921595317368705
        ],
        [
          -0.6259297087186878,
          -0.44813543832285074,
          0.6382684612782655,
          4.420506776217199
        ],
        [
          0.0,
          0.0,
          0.0,
          1.0
        ]
      ]
    },
    {
      "file_path": "C:\\Users\\HP\\Desktop\\hzq\\hanglok-robotics\\calibration\\saved_07_21_16_46\\images\\112.png",
      "sharpness": 50,
      "transform_matrix": [
        [
          -0.3069180690530361,
          0.9000269913077683,
          0.30943935400372347,
          2.997408402501293
        ],
        [
          -0.6993557127370302,
          0.007247414390571673,
          -0.7147370579777798,
          -2.9948259050557784
        ],
        [
          -0.6455252790951229,
          -0.4357738976833483,
          0.6272146555582278,
          4.419682664109146
        ],
        [
          0.0,
          0.0,
          0.0,
          1.0
        ]
      ]
    },
    {
      "file_path": "C:\\Users\\HP\\Desktop\\hzq\\hanglok-robotics\\calibration\\saved_07_21_16_46\\images\\113.png",
      "sharpness": 50,
      "transform_matrix": [
        [
          -0.2923818659252778,
          0.9020052552030501,
          0.3176466024753504,
          3.0623207717274434
        ],
        [
          -0.6930175819246943,
          0.029031402422678317,
          -0.7203358999915399,
          -3.094625735380289
        ],
        [
          -0.658968493648446,
          -0.4307478348865528,
          0.6166172452334144,
          4.448371612763812
        ],
        [
          0.0,
          0.0,
          0.0,
          1.0
        ]
      ]
    },
    {
      "file_path": "C:\\Users\\HP\\Desktop\\hzq\\hanglok-robotics\\calibration\\saved_07_21_16_46\\images\\114.png",
      "sharpness": 50,
      "transform_matrix": [
        [
          -0.2880515487308356,
          0.9042386699925961,
          0.3152439261330623,
          3.0403504641534544
        ],
        [
          -0.6895518814335049,
          0.03257278869343554,
          -0.7235034320915458,
          -3.1177625306446437
        ],
        [
          -0.6644881549623592,
          -0.4257833265015825,
          0.6141368339286988,
          4.4398453289992315
        ],
        [
          0.0,
          0.0,
          0.0,
          1.0
        ]
      ]
    },
    {
      "file_path": "C:\\Users\\HP\\Desktop\\hzq\\hanglok-robotics\\calibration\\saved_07_21_16_46\\images\\115.png",
      "sharpness": 50,
      "transform_matrix": [
        [
          -0.2880515487308356,
          0.9042386699925961,
          0.3152439261330623,
          3.0403504641534544
        ],
        [
          -0.6895518814335049,
          0.03257278869343554,
          -0.7235034320915458,
          -3.1177625306446437
        ],
        [
          -0.6644881549623592,
          -0.4257833265015825,
          0.6141368339286988,
          4.4398453289992315
        ],
        [
          0.0,
          0.0,
          0.0,
          1.0
        ]
      ]
    },
    {
      "file_path": "C:\\Users\\HP\\Desktop\\hzq\\hanglok-robotics\\calibration\\saved_07_21_16_46\\images\\116.png",
      "sharpness": 50,
      "transform_matrix": [
        [
          -0.29159659461234305,
          0.9019750763851788,
          0.318453116785558,
          3.0567357946465195
        ],
        [
          -0.6900256793320022,
          0.032211579008201645,
          -0.7230677534230162,
          -3.1029125445265486
        ],
        [
          -0.6624469698571306,
          -0.43058492281749694,
          0.612993178077339,
          4.417034783559301
        ],
        [
          0.0,
          0.0,
          0.0,
          1.0
        ]
      ]
    },
    {
      "file_path": "C:\\Users\\HP\\Desktop\\hzq\\hanglok-robotics\\calibration\\saved_07_21_16_46\\images\\117.png",
      "sharpness": 50,
      "transform_matrix": [
        [
          -0.2940484441239085,
          0.9012855747076249,
          0.31815063308479324,
          3.085967614959814
        ],
        [
          -0.6942230946383416,
          0.027395217063091223,
          -0.7192383450239774,
          -3.0551144114808104
        ],
        [
          -0.6569549507988147,
          -0.43235843336982804,
          0.6176377398725851,
          4.462817470037369
        ],
        [
          0.0,
          0.0,
          0.0,
          1.0
        ]
      ]
    },
    {
      "file_path": "C:\\Users\\HP\\Desktop\\hzq\\hanglok-robotics\\calibration\\saved_07_21_16_46\\images\\118.png",
      "sharpness": 50,
      "transform_matrix": [
        [
          -0.30937482617867623,
          0.8949690620872286,
          0.32143054433830714,
          3.145899557981845
        ],
        [
          -0.6996214226520318,
          0.014718439190581014,
          -0.7143621158167199,
          -2.974128168119399
        ],
        [
          -0.6440629487039765,
          -0.4458853501232126,
          0.6215860138808136,
          4.468001755257471
        ],
        [
          0.0,
          0.0,
          0.0,
          1.0
        ]
      ]
    },
    {
      "file_path": "C:\\Users\\HP\\Desktop\\hzq\\hanglok-robotics\\calibration\\saved_07_21_16_46\\images\\119.png",
      "sharpness": 50,
      "transform_matrix": [
        [
          -0.3239369704708167,
          0.8944183079216672,
          0.3083516330696668,
          3.135067515603629
        ],
        [
          -0.7001855802618125,
          -0.007465213781465888,
          -0.7139218611141036,
          -2.9683250473259175
        ],
        [
          -0.6362428721452349,
          -0.4471690519677519,
          0.6286770606652068,
          4.552450185486801
        ],
        [
          0.0,
          0.0,
          0.0,
          1.0
        ]
      ]
    },
    {
      "file_path": "C:\\Users\\HP\\Desktop\\hzq\\hanglok-robotics\\calibration\\saved_07_21_16_46\\images\\121.png",
      "sharpness": 50,
      "transform_matrix": [
        [
          -0.3472975769400594,
          0.883805764506687,
          0.3134832749546837,
          3.263128118446091
        ],
        [
          -0.7240527814780795,
          -0.040288909297174554,
          -0.688566898290573,
          -2.7504993092470253
        ],
        [
          -0.5959294947268678,
          -0.4661160525152447,
          0.653914262653894,
          4.701407479179615
        ],
        [
          0.0,
          0.0,
          0.0,
          1.0
        ]
      ]
    },
    {
      "file_path": "C:\\Users\\HP\\Desktop\\hzq\\hanglok-robotics\\calibration\\saved_07_21_16_46\\images\\122.png",
      "sharpness": 50,
      "transform_matrix": [
        [
          -0.367590282869381,
          0.8782469944298584,
          0.30587513909261865,
          3.269610681740393
        ],
        [
          -0.7219304075895502,
          -0.06214047640546027,
          -0.6891698250719402,
          -2.7486326192833115
        ],
        [
          -0.5862541006573811,
          -0.47415269477988087,
          0.6568754459525659,
          4.720779533275445
        ],
        [
          0.0,
          0.0,
          0.0,
          1.0
        ]
      ]
    },
    {
      "file_path": "C:\\Users\\HP\\Desktop\\hzq\\hanglok-robotics\\calibration\\saved_07_21_16_46\\images\\124.png",
      "sharpness": 50,
      "transform_matrix": [
        [
          -0.39948654724292865,
          0.8626827514115804,
          0.3101434651719566,
          3.3817663240238356
        ],
        [
          -0.7395461380907365,
          -0.10334573566702283,
          -0.6651249270283882,
          -2.56874233921668
        ],
        [
          -0.5417397975107611,
          -0.49507386250577506,
          0.6792789283178248,
          4.823103423017907
        ],
        [
          0.0,
          0.0,
          0.0,
          1.0
        ]
      ]
    },
    {
      "file_path": "C:\\Users\\HP\\Desktop\\hzq\\hanglok-robotics\\calibration\\saved_07_21_16_46\\images\\126.png",
      "sharpness": 50,
      "transform_matrix": [
        [
          -0.44002226013365314,
          0.8403681365193566,
          0.31648349990142527,
          3.5208839923565094
        ],
        [
          -0.7598486889216587,
          -0.1606240646726893,
          -0.6299443465831401,
          -2.3432917009006715
        ],
        [
          -0.4785502904929718,
          -0.5176691076073665,
          0.7092307907149018,
          4.964362485550785
        ],
        [
          0.0,
          0.0,
          0.0,
          1.0
        ]
      ]
    },
    {
      "file_path": "C:\\Users\\HP\\Desktop\\hzq\\hanglok-robotics\\calibration\\saved_07_21_16_46\\images\\128.png",
      "sharpness": 50,
      "transform_matrix": [
        [
          -0.47510417257813425,
          0.8281294647761154,
          0.2974518696671296,
          3.493039407476239
        ],
        [
          -0.7603722322162018,
          -0.21625649443015177,
          -0.6124272994334363,
          -2.2753209603499993
        ],
        [
          -0.4428431930981857,
          -0.5171409074772619,
          0.7324310125467085,
          5.126999719523417
        ],
        [
          0.0,
          0.0,
          0.0,
          1.0
        ]
      ]
    },
    {
      "file_path": "C:\\Users\\HP\\Desktop\\hzq\\hanglok-robotics\\calibration\\saved_07_21_16_46\\images\\129.png",
      "sharpness": 50,
      "transform_matrix": [
        [
          -0.6954105306121346,
          -0.3648501540127989,
          -0.6191030277995628,
          -15.10561282011806
        ],
        [
          0.5915999262687808,
          -0.7797322365904968,
          -0.20500528398154833,
          -0.1298932899413318
        ],
        [
          -0.4079383791119961,
          -0.5088241389109002,
          0.7580793325959087,
          5.086797146166365
        ],
        [
          0.0,
          0.0,
          0.0,
          1.0
        ]
      ]
    },
    {
      "file_path": "C:\\Users\\HP\\Desktop\\hzq\\hanglok-robotics\\calibration\\saved_07_21_16_46\\images\\130.png",
      "sharpness": 50,
      "transform_matrix": [
        [
          -0.5198798340036851,
          0.7967848231982747,
          0.3079917267025115,
          3.6300574718214467
        ],
        [
          -0.7650419918968951,
          -0.2738755505902503,
          -0.5828404013306887,
          -2.122220564553955
        ],
        [
          -0.3800469823991921,
          -0.5386335751786933,
          0.7519562240313509,
          5.197203342937555
        ],
        [
          0.0,
          0.0,
          0.0,
          1.0
        ]
      ]
    },
    {
      "file_path": "C:\\Users\\HP\\Desktop\\hzq\\hanglok-robotics\\calibration\\saved_07_21_16_46\\images\\131.png",
      "sharpness": 50,
      "transform_matrix": [
        [
          -0.5399720070619564,
          0.7840255634818147,
          0.3061603295603553,
          3.652665093065506
        ],
        [
          -0.7647781766633175,
          -0.30512284725541533,
          -0.5674631164950544,
          -2.053386455763929
        ],
        [
          -0.35148907819306985,
          -0.5405589365552763,
          0.7643634371300178,
          5.274018663498113
        ],
        [
          0.0,
          0.0,
          0.0,
          1.0
        ]
      ]
    },
    {
      "file_path": "C:\\Users\\HP\\Desktop\\hzq\\hanglok-robotics\\calibration\\saved_07_21_16_46\\images\\132.png",
      "sharpness": 50,
      "transform_matrix": [
        [
          -0.5545714178008326,
          0.7719640025516,
          0.3106800948288889,
          3.7111014106518305
        ],
        [
          -0.7675796281009896,
          -0.33037423221522816,
          -0.5492489246348548,
          -1.9664140564841546
        ],
        [
          -0.3213597004646362,
          -0.5430694665074729,
          0.7757599483503694,
          5.345128679467258
        ],
        [
          0.0,
          0.0,
          0.0,
          1.0
        ]
      ]
    },
    {
      "file_path": "C:\\Users\\HP\\Desktop\\hzq\\hanglok-robotics\\calibration\\saved_07_21_16_46\\images\\133.png",
      "sharpness": 50,
      "transform_matrix": [
        [
          -0.5783556961159714,
          0.7540569612291675,
          0.31129212645366394,
          3.7478899369049015
        ],
        [
          -0.7633700117563129,
          -0.3656730818262461,
          -0.5324935890495418,
          -1.8932255185339777
        ],
        [
          -0.2876993464041537,
          -0.5456017746026207,
          0.7871135811489304,
          5.398252621426035
        ],
        [
          0.0,
          0.0,
          0.0,
          1.0
        ]
      ]
    },
    {
      "file_path": "C:\\Users\\HP\\Desktop\\hzq\\hanglok-robotics\\calibration\\saved_07_21_16_46\\images\\134.png",
      "sharpness": 50,
      "transform_matrix": [
        [
          -0.5956992116859194,
          0.7334230138811879,
          0.32746470329824684,
          3.864781206314669
        ],
        [
          -0.7631963913314188,
          -0.38977478708666974,
          -0.5153706274228684,
          -1.8126499384039176
        ],
        [
          -0.25034719382384557,
          -0.5569257563275162,
          0.791934330916112,
          5.400522307309001
        ],
        [
          0.0,
          0.0,
          0.0,
          1.0
        ]
      ]
    },
    {
      "file_path": "C:\\Users\\HP\\Desktop\\hzq\\hanglok-robotics\\calibration\\saved_07_21_16_46\\images\\135.png",
      "sharpness": 50,
      "transform_matrix": [
        [
          -0.6186503856981774,
          0.715854672163021,
          0.3237650206830096,
          3.8619791288109897
        ],
        [
          -0.7545539972261885,
          -0.4265389555964777,
          -0.49871112342582347,
          -1.7580422310489385
        ],
        [
          -0.21890629398324196,
          -0.5528260193777417,
          0.8040294937087092,
          5.482528806306296
        ],
        [
          0.0,
          0.0,
          0.0,
          1.0
        ]
      ]
    },
    {
      "file_path": "C:\\Users\\HP\\Desktop\\hzq\\hanglok-robotics\\calibration\\saved_07_21_16_46\\images\\136.png",
      "sharpness": 50,
      "transform_matrix": [
        [
          -0.6372756532504389,
          0.6996437867703765,
          0.32307632752622706,
          3.882930080257698
        ],
        [
          -0.7491623398564933,
          -0.4641701522082416,
          -0.4725482603287437,
          -1.6340943420726464
        ],
        [
          -0.1806530661654276,
          -0.5431801187751498,
          0.8199511133308155,
          5.591914332914033
        ],
        [
          0.0,
          0.0,
          0.0,
          1.0
        ]
      ]
    },
    {
      "file_path": "C:\\Users\\HP\\Desktop\\hzq\\hanglok-robotics\\calibration\\saved_07_21_16_46\\images\\137.png",
      "sharpness": 50,
      "transform_matrix": [
        [
          -0.6537714239880307,
          0.685061372831567,
          0.32136247545535146,
          3.9049107078777117
        ],
        [
          -0.7401222595935896,
          -0.49053325156065264,
          -0.45999583690226203,
          -1.6091920218888485
        ],
        [
          -0.1574863995103753,
          -0.5385796548027619,
          0.8277257936066728,
          5.691952659994843
        ],
        [
          0.0,
          0.0,
          0.0,
          1.0
        ]
      ]
    },
    {
      "file_path": "C:\\Users\\HP\\Desktop\\hzq\\hanglok-robotics\\calibration\\saved_07_21_16_46\\images\\138.png",
      "sharpness": 50,
      "transform_matrix": [
        [
          -0.6670945692856555,
          0.662134935379985,
          0.3414120135246106,
          4.034663994331004
        ],
        [
          -0.7363254996156755,
          -0.5164087294385322,
          -0.4372033654666977,
          -1.489259144243488
        ],
        [
          -0.11317947802190856,
          -0.5430463622095483,
          0.8320402960468107,
          5.687800169864432
        ],
        [
          0.0,
          0.0,
          0.0,
          1.0
        ]
      ]
    },
    {
      "file_path": "C:\\Users\\HP\\Desktop\\hzq\\hanglok-robotics\\calibration\\saved_07_21_16_46\\images\\139.png",
      "sharpness": 50,
      "transform_matrix": [
        [
          -0.683505831726765,
          0.6456880213071982,
          0.3404508145619545,
          4.043460689892503
        ],
        [
          -0.7243357713488323,
          -0.5422530249028497,
          -0.42579261070173735,
          -1.4709497219374583
        ],
        [
          -0.09031870426437186,
          -0.5376324358928732,
          0.8383280357568273,
          5.775557657479469
        ],
        [
          0.0,
          0.0,
          0.0,
          1.0
        ]
      ]
    },
    {
      "file_path": "C:\\Users\\HP\\Desktop\\hzq\\hanglok-robotics\\calibration\\saved_07_21_16_46\\images\\140.png",
      "sharpness": 50,
      "transform_matrix": [
        [
          -0.7019324807471921,
          0.6279204610358571,
          0.3361646725707652,
          4.025719216160507
        ],
        [
          -0.7096143437893583,
          -0.5760294609503366,
          -0.4057555214727999,
          -1.3990683907939014
        ],
        [
          -0.061141438979560946,
          -0.5233602532957411,
          0.8499151544182081,
          5.8865482706895245
        ],
        [
          0.0,
          0.0,
          0.0,
          1.0
        ]
      ]
    },
    {
      "file_path": "C:\\Users\\HP\\Desktop\\hzq\\hanglok-robotics\\calibration\\saved_07_21_16_46\\images\\141.png",
      "sharpness": 50,
      "transform_matrix": [
        [
          -0.7129248948716731,
          0.6113443770044034,
          0.3435056724092223,
          4.091575846582016
        ],
        [
          -0.7008292752165659,
          -0.6043951538071117,
          -0.37887309887863646,
          -1.2661309936290597
        ],
        [
          -0.02400877488830044,
          -0.5108468956150911,
          0.8593363881326027,
          5.984252749120982
        ],
        [
          0.0,
          0.0,
          0.0,
          1.0
        ]
      ]
    },
    {
      "file_path": "C:\\Users\\HP\\Desktop\\hzq\\hanglok-robotics\\calibration\\saved_07_21_16_46\\images\\142.png",
      "sharpness": 50,
      "transform_matrix": [
        [
          -0.7298664291913223,
          0.5836779747642217,
          0.3558300399272739,
          4.173322632006301
        ],
        [
          -0.6835319172885974,
          -0.6299111179688192,
          -0.3687764926172037,
          -1.25318585361577
        ],
        [
          0.008894581906016243,
          -0.512378771256586,
          0.8587135035495296,
          5.98817661395967
        ],
        [
          0.0,
          0.0,
          0.0,
          1.0
        ]
      ]
    },
    {
      "file_path": "C:\\Users\\HP\\Desktop\\hzq\\hanglok-robotics\\calibration\\saved_07_21_16_46\\images\\143.png",
      "sharpness": 50,
      "transform_matrix": [
        [
          -0.7408225940586811,
          0.5673051703412181,
          0.35964806107678104,
          4.191370878753287
        ],
        [
          -0.6708116599726681,
          -0.6523954256764556,
          -0.3526923948728561,
          -1.1874383922083969
        ],
        [
          0.0345485307485006,
          -0.5025386077313451,
          0.8638641946293186,
          6.048070221792869
        ],
        [
          0.0,
          0.0,
          0.0,
          1.0
        ]
      ]
    },
    {
      "file_path": "C:\\Users\\HP\\Desktop\\hzq\\hanglok-robotics\\calibration\\saved_07_21_16_46\\images\\144.png",
      "sharpness": 50,
      "transform_matrix": [
        [
          -0.7521491668870945,
          0.5546297958908075,
          0.35588961808567965,
          4.182256838191807
        ],
        [
          -0.6560077265039875,
          -0.6815109045941199,
          -0.3243404841927288,
          -1.0483841418744029
        ],
        [
          0.06265375901028851,
          -0.477418764220077,
          0.8764392905686369,
          6.221409961388764
        ],
        [
          0.0,
          0.0,
          0.0,
          1.0
        ]
      ]
    },
    {
      "file_path": "C:\\Users\\HP\\Desktop\\hzq\\hanglok-robotics\\calibration\\saved_07_21_16_46\\images\\145.png",
      "sharpness": 50,
      "transform_matrix": [
        [
          -0.7654558501227564,
          0.5212008493360366,
          0.3773950399306308,
          4.3238224956803855
        ],
        [
          -0.6338223221693843,
          -0.7119484596982641,
          -0.3023221041423841,
          -0.9467065023324767
        ],
        [
          0.11111527992430908,
          -0.470615623821249,
          0.8753138461047438,
          6.198950519381812
        ],
        [
          0.0,
          0.0,
          0.0,
          1.0
        ]
      ]
    },
    {
      "file_path": "C:\\Users\\HP\\Desktop\\hzq\\hanglok-robotics\\calibration\\saved_07_21_16_46\\images\\146.png",
      "sharpness": 50,
      "transform_matrix": [
        [
          -0.7797154566932062,
          0.5091376032985306,
          0.36444849773477345,
          4.232121508003003
        ],
        [
          -0.616110219241102,
          -0.7276054975002346,
          -0.3016594731715178,
          -0.99620287699229
        ],
        [
          0.11158854932467893,
          -0.4597489977312235,
          0.8810101331680296,
          6.331399886009506
        ],
        [
          0.0,
          0.0,
          0.0,
          1.0
        ]
      ]
    },
    {
      "file_path": "C:\\Users\\HP\\Desktop\\hzq\\hanglok-robotics\\calibration\\saved_07_21_16_46\\images\\147.png",
      "sharpness": 50,
      "transform_matrix": [
        [
          -0.7873962031491339,
          0.48479322568614897,
          0.3807660011019186,
          4.3421872302538205
        ],
        [
          -0.5968248809637668,
          -0.7541259067161398,
          -0.2740331700399516,
          -0.8425136389846158
        ],
        [
          0.15429608137899406,
          -0.44302330090908104,
          0.8831325348568632,
          6.382834164764355
        ],
        [
          0.0,
          0.0,
          0.0,
          1.0
        ]
      ]
    },
    {
      "file_path": "C:\\Users\\HP\\Desktop\\hzq\\hanglok-robotics\\calibration\\saved_07_21_16_46\\images\\149.png",
      "sharpness": 50,
      "transform_matrix": [
        [
          -0.7943425977595319,
          0.452548434441666,
          0.4052403630797844,
          4.487343430293024
        ],
        [
          -0.5658444290247933,
          -0.7939032159499989,
          -0.22257081085770264,
          -0.536707049342006
        ],
        [
          0.22099755547572061,
          -0.40610047794683346,
          0.8867031534200773,
          6.483269206385318
        ],
        [
          0.0,
          0.0,
          0.0,
          1.0
        ]
      ]
    },
    {
      "file_path": "C:\\Users\\HP\\Desktop\\hzq\\hanglok-robotics\\calibration\\saved_07_21_16_46\\images\\150.png",
      "sharpness": 50,
      "transform_matrix": [
        [
          -0.8041055663549571,
          0.4284683577293022,
          0.4121032693169619,
          4.517411649620814
        ],
        [
          -0.5456904084314701,
          -0.8070216617631193,
          -0.225694518300709,
          -0.5924110709843331
        ],
        [
          0.23587330561737815,
          -0.40636301981091777,
          0.8827416835220155,
          6.50154362436339
        ],
        [
          0.0,
          0.0,
          0.0,
          1.0
        ]
      ]
    },
    {
      "file_path": "C:\\Users\\HP\\Desktop\\hzq\\hanglok-robotics\\calibration\\saved_07_21_16_46\\images\\151.png",
      "sharpness": 50,
      "transform_matrix": [
        [
          -0.8078719301395887,
          0.41570701840395313,
          0.41776861938426035,
          4.5656458609167805
        ],
        [
          -0.5282921352084162,
          -0.8250108114634801,
          -0.20066036191859737,
          -0.4406594793076701
        ],
        [
          0.26124770691714816,
          -0.38281174984326866,
          0.8861178250167787,
          6.60340631040474
        ],
        [
          0.0,
          0.0,
          0.0,
          1.0
        ]
      ]
    },
    {
      "file_path": "C:\\Users\\HP\\Desktop\\hzq\\hanglok-robotics\\calibration\\saved_07_21_16_46\\images\\154.png",
