{
  "camera_angle_x": 1.2235306391055296,
  "camera_angle_y": 0.7521676402860731,
  "fl_x": 912.266,
  "fl_y": 911.672,
  "k1": 0,
  "k2": 0,
  "k3": 0,
  "k4": 0,
  "p1": 0,
  "p2": 0,
  "is_fisheye": false,
  "cx": 637.773,
  "cy": 375.817,
  "w": 1280,
  "h": 720,
  "aabb_scale": 8,
  "frames": [
    {
      "file_path": "C:\\Users\\HP\\Desktop\\hzq\\hanglok-robotics\\calibration\\saved_07_21_17_12\\images\\0.png",
      "sharpness": 50,
      "transform_matrix": [
        [
          -0.956431109794583,
          -0.2527020127546174,
          0.14622320255988,
          1.6132301542538021
        ],
        [
          0.24116767484831045,
          -0.966098428783384,
          -0.09215193167013119,
          0.08452206233717073
        ],
        [
          0.16455298485704264,
          -0.052872664506738394,
          0.9849501492576138,
          5.1664593795841
        ],
        [
          0.0,
          0.0,
          0.0,
          1.0
        ]
      ]
    },
    {
      "file_path": "C:\\Users\\HP\\Desktop\\hzq\\hanglok-robotics\\calibration\\saved_07_21_17_12\\images\\1.png",
      "sharpness": 50,
      "transform_matrix": [
        [
          -0.957045319029233,
          -0.2501389588350422,
          0.1466109088613631,
          1.6139031137543247
        ],
        [
          0.23998753404071244,
          -0.9671741258819928,
          -0.0835475537012329,
          0.129839775314495
        ],
        [
          0.16269677571879457,
          -0.044774004705002216,
          0.9856597017598846,
          5.165553378569244
        ],
        [
          0.0,
          0.0,
          0.0,
          1.0
        ]
      ]
    },
    {
      "file_path": "C:\\Users\\HP\\Desktop\\hzq\\hanglok-robotics\\calibration\\saved_07_21_17_12\\images\\2.png",
      "sharpness": 50,
      "transform_matrix": [
        [
          -0.956431109794583,
          -0.2527020127546174,
          0.14622320255988,
          1.6132301542538021
        ],
        [
          0.24116767484831045,
          -0.966098428783384,
          -0.09215193167013119,
          0.08452206233717073
        ],
        [
          0.16455298485704264,
          -0.052872664506738394,
          0.9849501492576138,
          5.1664593795841
        ],
        [
          0.0,
          0.0,
          0.0,
          1.0
        ]
      ]
    },
    {
      "file_path": "C:\\Users\\HP\\Desktop\\hzq\\hanglok-robotics\\calibration\\saved_07_21_17_12\\images\\3.png",
      "sharpness": 50,
      "transform_matrix": [
        [
          -0.9515675771285896,
          -0.2535567652289553,
          0.17386233911993124,
          1.7539573757536786
        ],
        [
          0.2414489179992793,
          -0.9664215854417981,
          -0.08793030870602553,
          0.10575072775560121
        ],
        [
          0.19031964206198695,
          -0.04169275715023049,
          0.9808364531595515,
          5.109748586412978
        ],
        [
          0.0,
          0.0,
          0.0,
          1.0
        ]
      ]
    },
    {
      "file_path": "C:\\Users\\HP\\Desktop\\hzq\\hanglok-robotics\\calibration\\saved_07_21_17_12\\images\\4.png",
      "sharpness": 50,
      "transform_matrix": [
        [
          -0.957712873918434,
          -0.23408853211051778,
          0.167297968503018,
          1.6753031885083944
        ],
        [
          0.22552307525344645,
          -0.9718085395623148,
          -0.0687568539273649,
          0.18188612388588957
        ],
        [
          0.1786767854510542,
          -0.02811977183591177,
          0.9835059149658297,
          5.123473336502753
        ],
        [
          0.0,
          0.0,
          0.0,
          1.0
        ]
      ]
    },
    {
      "file_path": "C:\\Users\\HP\\Desktop\\hzq\\hanglok-robotics\\calibration\\saved_07_21_17_12\\images\\6.png",
      "sharpness": 50,
      "transform_matrix": [
        [
          -0.975818199862791,
          -0.061359894986720155,
          0.2097946712949612,
          1.6464447176229364
        ],
        [
          0.05502939988176888,
          -0.9978396542452993,
          -0.03588578498895438,
          0.1640060894725772
        ],
        [
          0.21154339026590863,
          -0.023473127248829953,
          0.9770866933552855,
          5.03444729494796
        ],
        [
          0.0,
          0.0,
          0.0,
          1.0
        ]
      ]
    },
    {
      "file_path": "C:\\Users\\HP\\Desktop\\hzq\\hanglok-robotics\\calibration\\saved_07_21_17_12\\images\\7.png",
      "sharpness": 50,
      "transform_matrix": [
        [
          -0.9731050872683429,
          0.04639644514214393,
          0.2256409958554577,
          1.61086294640111
        ],
        [
          -0.04347300535867223,
          -0.9988940453576107,
          0.017910442601793683,
          0.33055690781096
        ],
        [
          0.22622242801622366,
          0.007619450589072638,
          0.9740458700878337,
          5.002696382505007
        ],
        [
          0.0,
          0.0,
          0.0,
          1.0
        ]
      ]
    },
    {
      "file_path": "C:\\Users\\HP\\Desktop\\hzq\\hanglok-robotics\\calibration\\saved_07_21_17_12\\images\\11.png",
      "sharpness": 50,
      "transform_matrix": [
        [
          -0.9381633035757101,
          0.2259351443745735,
          0.26230311923488575,
          1.5653903175354973
        ],
        [
          -0.21750211366216957,
          -0.9741422937411892,
          0.06115244964139862,
          0.37193806644476746
        ],
        [
          0.26933704976552836,
          0.000319501323554039,
          0.9630459239010908,
          4.817177089658339
        ],
        [
          0.0,
          0.0,
          0.0,
          1.0
        ]
      ]
    },
    {
      "file_path": "C:\\Users\\HP\\Desktop\\hzq\\hanglok-robotics\\calibration\\saved_07_21_17_12\\images\\12.png",
      "sharpness": 50,
      "transform_matrix": [
        [
          -0.9417430376321669,
          0.23308569373529056,
          0.24246878241802095,
          1.4531800840039946
        ],
        [
          -0.2265222723618735,
          -0.9724512024071698,
          0.055011990155437285,
          0.36631474698918226
        ],
        [
          0.24861156689774613,
          -0.0031174208549744503,
          0.9685982503039435,
          4.774686697603218
        ],
        [
          0.0,
          0.0,
          0.0,
          1.0
        ]
      ]
    },
    {
      "file_path": "C:\\Users\\HP\\Desktop\\hzq\\hanglok-robotics\\calibration\\saved_07_21_17_12\\images\\13.png",
      "sharpness": 50,
      "transform_matrix": [
        [
          -0.9410124184163854,
          0.2392879844476151,
          0.23924232252079383,
          1.4282562807360148
        ],
        [
          -0.243491233529367,
          -0.969825283450144,
          0.012285714272850351,
          0.20006744111588398
        ],
        [
          0.23496307705784938,
          -0.046692398523151143,
          0.9708821619226828,
          4.66880733578858
        ],
        [
          0.0,
          0.0,
          0.0,
          1.0
        ]
      ]
    },
    {
      "file_path": "C:\\Users\\HP\\Desktop\\hzq\\hanglok-robotics\\calibration\\saved_07_21_17_12\\images\\14.png",
      "sharpness": 50,
      "transform_matrix": [
        [
          -0.9374105856965056,
          0.2522528012163319,
          0.2400623212889686,
          1.4297617181034987
        ],
        [
          -0.25777390388431265,
          -0.9661664820976191,
          0.008656982577801287,
          0.22434464958130332
        ],
        [
          0.23412391654928247,
          -0.053766654625566415,
          0.9707188771987488,
          4.594191640266276
        ],
        [
          0.0,
          0.0,
          0.0,
          1.0
        ]
      ]
    },
    {
      "file_path": "C:\\Users\\HP\\Desktop\\hzq\\hanglok-robotics\\calibration\\saved_07_21_17_12\\images\\15.png",
      "sharpness": 50,
      "transform_matrix": [
        [
          -0.9455063579843218,
          0.2626841678084001,
          0.19239219057443985,
          1.2045163056979558
        ],
        [
          -0.2698213744330086,
          -0.962842847775786,
          -0.011405103511084718,
          0.18090590362382186
        ],
        [
          0.18224750453793723,
          -0.06269512317417256,
          0.981251837511589,
          4.5580934086521445
        ],
        [
          0.0,
          0.0,
          0.0,
          1.0
        ]
      ]
    },
    {
      "file_path": "C:\\Users\\HP\\Desktop\\hzq\\hanglok-robotics\\calibration\\saved_07_21_17_12\\images\\18.png",
      "sharpness": 50,
      "transform_matrix": [
        [
          -0.9402543160774622,
          0.3079153891001905,
          0.1452925815483437,
          1.0006250807028567
        ],
        [
          -0.3243836427037064,
          -0.9397909679011567,
          -0.10755551588681843,
          -0.07490099654813234
        ],
        [
          0.10342665731801438,
          -0.14826007489099613,
          0.9835252293405281,
          4.29893361516355
        ],
        [
          0.0,
          0.0,
          0.0,
          1.0
        ]
      ]
    },
    {
      "file_path": "C:\\Users\\HP\\Desktop\\hzq\\hanglok-robotics\\calibration\\saved_07_21_17_12\\images\\19.png",
      "sharpness": 50,
      "transform_matrix": [
        [
          -0.9358126945625173,
          0.3215160007569077,
          0.14450626959729063,
          0.9969620049615102
        ],
        [
          -0.34089406832946056,
          -0.929782793562533,
          -0.13890713074871777,
          -0.14807855273176837
        ],
        [
          0.0896985778785248,
          -0.17925238646203973,
          0.9797054389326588,
          4.210603297966594
        ],
        [
          0.0,
          0.0,
          0.0,
          1.0
        ]
      ]
    },
    {
      "file_path": "C:\\Users\\HP\\Desktop\\hzq\\hanglok-robotics\\calibration\\saved_07_21_17_12\\images\\20.png",
      "sharpness": 50,
      "transform_matrix": [
        [
          -0.9331234269965626,
          0.3434455366104995,
          0.10642289872257965,
          0.8348471305707602
        ],
        [
          -0.3569553409866171,
          -0.9204018219204776,
          -0.1595097826046832,
          -0.16493034960596037
        ],
        [
          0.043168906997031214,
          -0.18683053708586136,
          0.9814432209154487,
          4.136445409015759
        ],
        [
          0.0,
          0.0,
          0.0,
          1.0
        ]
      ]
    },
    {
      "file_path": "C:\\Users\\HP\\Desktop\\hzq\\hanglok-robotics\\calibration\\saved_07_21_17_12\\images\\21.png",
      "sharpness": 50,
      "transform_matrix": [
        [
          -0.927138922290275,
          0.3606581812600152,
          0.10168134078898455,
          0.8162203196421829
        ],
        [
          -0.3737599626260814,
          -0.9094606498180028,
          -0.18216700241911796,
          -0.19832177483387914
        ],
        [
          0.026775158490247815,
          -0.20689853243277162,
          0.9779959550862097,
          4.061032130438529
        ],
        [
          0.0,
          0.0,
          0.0,
          1.0
        ]
      ]
    },
    {
      "file_path": "C:\\Users\\HP\\Desktop\\hzq\\hanglok-robotics\\calibration\\saved_07_21_17_12\\images\\23.png",
      "sharpness": 50,
      "transform_matrix": [
        [
          -0.9142751266862917,
          0.40141128616917365,
          0.05449745002084999,
          0.6122231401438208
        ],
        [
          -0.4013578289539775,
          -0.8793798935270644,
          -0.25613062292057037,
          -0.37164637738883444
        ],
        [
          -0.05488976097702622,
          -0.2560468359428395,
          0.9651047258943174,
          3.8686301570121544
        ],
        [
          0.0,
          0.0,
          0.0,
          1.0
        ]
      ]
    },
    {
      "file_path": "C:\\Users\\HP\\Desktop\\hzq\\hanglok-robotics\\calibration\\saved_07_21_17_12\\images\\24.png",
      "sharpness": 50,
      "transform_matrix": [
        [
          -0.9076850168610352,
          0.41704839793967624,
          0.04667487484644696,
          0.5728100531968723
        ],
        [
          -0.4116530684038426,
          -0.8632466381463864,
          -0.2921420767412018,
          -0.45647757730415267
        ],
        [
          -0.08154545627858949,
          -0.2843868413005608,
          0.9552352919859097,
          3.7729899174483648
        ],
        [
          0.0,
          0.0,
          0.0,
          1.0
        ]
      ]
    },
    {
      "file_path": "C:\\Users\\HP\\Desktop\\hzq\\hanglok-robotics\\calibration\\saved_07_21_17_12\\images\\25.png",
      "sharpness": 50,
      "transform_matrix": [
        [
          -0.8993494578342301,
          0.4357639502101504,
          0.03578173263722761,
          0.5206116992269474
        ],
        [
          -0.42387235964006187,
          -0.8488738211786122,
          -0.3158250440525385,
          -0.48421238185392923
        ],
        [
          -0.10725099265947405,
          -0.2992039695840738,
          0.9481425046683067,
          3.6831380900866812
        ],
        [
          0.0,
          0.0,
          0.0,
          1.0
        ]
      ]
    },
    {
      "file_path": "C:\\Users\\HP\\Desktop\\hzq\\hanglok-robotics\\calibration\\saved_07_21_17_12\\images\\26.png",
      "sharpness": 50,
      "transform_matrix": [
        [
          -0.8891898308891113,
          0.4567920297415996,
          0.026124436988059687,
          0.4666763878838769
        ],
        [
          -0.43466346419983737,
          -0.8255279229757687,
          -0.35996016623664207,
          -0.5930188570843099
        ],
        [
          -0.1428604827556951,
          -0.3314282576242767,
          0.9326018402914215,
          3.5620164016324134
        ],
        [
          0.0,
          0.0,
          0.0,
          1.0
        ]
      ]
    },
    {
      "file_path": "C:\\Users\\HP\\Desktop\\hzq\\hanglok-robotics\\calibration\\saved_07_21_17_12\\images\\27.png",
      "sharpness": 50,
      "transform_matrix": [
        [
          -0.8788285534150704,
          0.4770397961979818,
          0.009664706191234308,
          0.3854427529702789
        ],
        [
          -0.4437699808902414,
          -0.8097599661280392,
          -0.38387107382165686,
          -0.6312694556571764
        ],
        [
          -0.17529568666413223,
          -0.3416457669863703,
          0.9233361208884038,
          3.476510198904796
        ],
        [
          0.0,
          0.0,
          0.0,
          1.0
        ]
      ]
    },
    {
      "file_path": "C:\\Users\\HP\\Desktop\\hzq\\hanglok-robotics\\calibration\\saved_07_21_17_12\\images\\28.png",
      "sharpness": 50,
      "transform_matrix": [
        [
          -0.866189080946519,
          0.4993813592004132,
          -0.018295740820543274,
          0.2579592639642517
        ],
        [
          -0.45007690461133415,
          -0.795531420268936,
          -0.40566062084009213,
          -0.6660292467963452
        ],
        [
          -0.21713418888904784,
          -0.3431443099455923,
          0.9138406461563519,
          3.390214178540293
        ],
        [
          0.0,
          0.0,
          0.0,
          1.0
        ]
      ]
    },
    {
      "file_path": "C:\\Users\\HP\\Desktop\\hzq\\hanglok-robotics\\calibration\\saved_07_21_17_12\\images\\29.png",
      "sharpness": 50,
      "transform_matrix": [
        [
          -0.857578354190077,
          0.5141540682170623,
          -0.014316443709359646,
          0.24861427924556215
        ],
        [
          -0.45690577218336315,
          -0.7742836848642829,
          -0.43786058363195046,
          -0.7418177649050994
        ],
        [
          -0.23621278917569966,
          -0.36895849290785004,
          0.8989288897020744,
          3.2824322234106087
        ],
        [
          0.0,
          0.0,
          0.0,
          1.0
        ]
      ]
    },
    {
      "file_path": "C:\\Users\\HP\\Desktop\\hzq\\hanglok-robotics\\calibration\\saved_07_21_17_12\\images\\30.png",
      "sharpness": 50,
      "transform_matrix": [
        [
          -0.8443722362308765,
          0.5348687650484102,
          -0.030837166829292335,
          0.15805577797273926
        ],
        [
          -0.46221799789909157,
          -0.7563688030703474,
          -0.46288309124452437,
          -0.7927896519385148
        ],
        [
          -0.2709059783405017,
          -0.3765921373548841,
          0.8858827873832158,
          3.175424346788399
        ],
        [
          0.0,
          0.0,
          0.0,
          1.0
        ]
      ]
    },
    {
      "file_path": "C:\\Users\\HP\\Desktop\\hzq\\hanglok-robotics\\calibration\\saved_07_21_17_12\\images\\32.png",
      "sharpness": 50,
      "transform_matrix": [
        [
          -0.8235802680541502,
          0.5646363473466024,
          -0.053864063409112685,
          0.012631026598199977
        ],
        [
          -0.4659796998215987,
          -0.7276935454237333,
          -0.5033140404387797,
          -0.8808683464941064
        ],
        [
          -0.32338593263471876,
          -0.3894199522414375,
          0.862423120846287,
          2.9927810349947075
        ],
        [
          0.0,
          0.0,
          0.0,
          1.0
        ]
      ]
    },
    {
      "file_path": "C:\\Users\\HP\\Desktop\\hzq\\hanglok-robotics\\calibration\\saved_07_21_17_12\\images\\33.png",
      "sharpness": 50,
      "transform_matrix": [
        [
          -0.8166040823884103,
          0.574534471427682,
          -0.055388751275837235,
          -0.02832512587909223
        ],
        [
          -0.4663205782172071,
          -0.7132442691035463,
          -0.523285515681561,
          -0.9350221303515072
        ],
        [
          -0.34015127657816036,
          -0.40148817383860963,
          0.8503554288119682,
          2.907039288038909
        ],
        [
          0.0,
          0.0,
          0.0,
          1.0
        ]
      ]
    },
    {
      "file_path": "C:\\Users\\HP\\Desktop\\hzq\\hanglok-robotics\\calibration\\saved_07_21_17_12\\images\\34.png",
      "sharpness": 50,
      "transform_matrix": [
        [
          -0.8058079693057848,
          0.5887783022566874,
          -0.06335319561806066,
          -0.09956718657906669
        ],
        [
          -0.4673882289370034,
          -0.6980436103060292,
          -0.5424789042553222,
          -0.9836685686515302
        ],
        [
          -0.3636231016511719,
          -0.4075232863317836,
          0.8376771520358691,
          2.7977819695589896
        ],
        [
          0.0,
          0.0,
          0.0,
          1.0
        ]
      ]
    },
    {
      "file_path": "C:\\Users\\HP\\Desktop\\hzq\\hanglok-robotics\\calibration\\saved_07_21_17_12\\images\\37.png",
      "sharpness": 50,
      "transform_matrix": [
        [
          -0.7904387279416354,
          0.6083554940303733,
          -0.07148573461236903,
          -0.1373980464060776
        ],
        [
          -0.46634665686034865,
          -0.673339829886359,
          -0.5737022477939105,
          -1.1077946700084145
        ],
        [
          -0.3971491067661939,
          -0.42013934161379113,
          0.815938429431501,
          2.6772902231897677
        ],
        [
          0.0,
          0.0,
          0.0,
          1.0
        ]
      ]
    },
    {
      "file_path": "C:\\Users\\HP\\Desktop\\hzq\\hanglok-robotics\\calibration\\saved_07_21_17_12\\images\\40.png",
      "sharpness": 50,
      "transform_matrix": [
        [
          -0.7731082609449682,
          0.6322466844719773,
          -0.05067293984799812,
          0.09081179569535416
        ],
        [
          -0.48908443288658465,
          -0.645101545500652,
          -0.5870608260654757,
          -1.2700648838474513
        ],
        [
          -0.40385645267428233,
          -0.4290782282601422,
          0.8079553450943204,
          2.8143936750377736
        ],
        [
          0.0,
          0.0,
          0.0,
          1.0
        ]
      ]
    },
    {
      "file_path": "C:\\Users\\HP\\Desktop\\hzq\\hanglok-robotics\\calibration\\saved_07_21_17_12\\images\\42.png",
      "sharpness": 50,
      "transform_matrix": [
        [
          -0.7592807944761075,
          0.6495153118507522,
          -0.04028070023163754,
          0.22863461085139733
        ],
        [
          -0.5048349417065491,
          -0.6269482415629132,
          -0.593361259295984,
          -1.3654495302796057
        ],
        [
          -0.41065113755093413,
          -0.43019270341626076,
          0.803927783544973,
          2.9204435658305585
        ],
        [
          0.0,
          0.0,
          0.0,
          1.0
        ]
      ]
    },
    {
      "file_path": "C:\\Users\\HP\\Desktop\\hzq\\hanglok-robotics\\calibration\\saved_07_21_17_12\\images\\43.png",
      "sharpness": 50,
      "transform_matrix": [
        [
          -0.7491973047164338,
          0.6614867716138509,
          -0.033743882193906616,
          0.307904725215043
        ],
        [
          -0.512814947884621,
          -0.6115480216972174,
          -0.6025195817434593,
          -1.430508785329206
        ],
        [
          -0.41919473736167623,
          -0.43410167949237954,
          0.7973904338717456,
          2.9547533644439166
        ],
        [
          0.0,
          0.0,
          0.0,
          1.0
        ]
      ]
    },
    {
      "file_path": "C:\\Users\\HP\\Desktop\\hzq\\hanglok-robotics\\calibration\\saved_07_21_17_12\\images\\44.png",
      "sharpness": 50,
      "transform_matrix": [
        [
          -0.7381498422600007,
          0.67397358255694,
          -0.029906861869807864,
          0.36875946243756275
        ],
        [
          -0.522354507213635,
          -0.5990236227294219,
          -0.606890820663585,
          -1.4765932611364958
        ],
        [
          -0.4269432973652785,
          -0.43235437944755795,
          0.7942223312192755,
          3.0010449250628963
        ],
        [
          0.0,
          0.0,
          0.0,
          1.0
        ]
      ]
    },
    {
      "file_path": "C:\\Users\\HP\\Desktop\\hzq\\hanglok-robotics\\calibration\\saved_07_21_17_12\\images\\45.png",
      "sharpness": 50,
      "transform_matrix": [
        [
          -0.7301572829821255,
          0.6830650816617979,
          -0.017100769647059172,
          0.4695895641336386
        ],
        [
          -0.5292826400003342,
          -0.5812463353799084,
          -0.6180716662343481,
          -1.5487380785248888
        ],
        [
          -0.43212293285873765,
          -0.4422383880010738,
          0.7859357346983115,
          3.0330655160128144
        ],
        [
          0.0,
          0.0,
          0.0,
          1.0
        ]
      ]
    },
    {
      "file_path": "C:\\Users\\HP\\Desktop\\hzq\\hanglok-robotics\\calibration\\saved_07_21_17_12\\images\\46.png",
      "sharpness": 50,
      "transform_matrix": [
        [
          -0.7202339434139422,
          0.6936836719038295,
          -0.008125890008023806,
          0.5524455506577953
        ],
        [
          -0.5401118811138577,
          -0.568058270888847,
          -0.6209580958119657,
          -1.5986903096534677
        ],
        [
          -0.4353644710286455,
          -0.44284620830350657,
          0.7838016414611257,
          3.098627293440605
        ],
        [
          0.0,
          0.0,
          0.0,
          1.0
        ]
      ]
    },
    {
      "file_path": "C:\\Users\\HP\\Desktop\\hzq\\hanglok-robotics\\calibration\\saved_07_21_17_12\\images\\47.png",
      "sharpness": 50,
      "transform_matrix": [
        [
          -0.7088940292181528,
          0.7053131465416869,
          0.0016188435123673695,
          0.6324236933077114
        ],
        [
          -0.552181164873698,
          -0.5535536733146146,
          -0.6234374803607997,
          -1.6360499032597253
        ],
        [
          -0.4388225341725042,
          -0.4428450023149875,
          0.7818715287226284,
          3.152303764250792
        ],
        [
          0.0,
          0.0,
          0.0,
          1.0
        ]
      ]
    },
    {
      "file_path": "C:\\Users\\HP\\Desktop\\hzq\\hanglok-robotics\\calibration\\saved_07_21_17_12\\images\\49.png",
      "sharpness": 50,
      "transform_matrix": [
        [
          -0.686644433229085,
          0.7266543469928775,
          0.022200952949440016,
          0.7965280715055763
        ],
        [
          -0.5663085915096924,
          -0.5154792553601387,
          -0.6430985278133244,
          -1.7569511830687907
        ],
        [
          -0.4558662100856095,
          -0.4541526145358095,
          0.7654615608980451,
          3.1961267858514524
        ],
        [
          0.0,
          0.0,
          0.0,
          1.0
        ]
      ]
    },
    {
      "file_path": "C:\\Users\\HP\\Desktop\\hzq\\hanglok-robotics\\calibration\\saved_07_21_17_12\\images\\50.png",
      "sharpness": 50,
      "transform_matrix": [
        [
          -0.6743528323594384,
          0.7378460975349911,
          0.0288339009013357,
          0.8708397118301947
        ],
        [
          -0.5739504161923115,
          -0.49919319954893987,
          -0.6491433349243952,
          -1.8148410152133874
        ],
        [
          -0.4645741891683997,
          -0.4543008759362869,
          0.7601194227764781,
          3.2492778951117263
        ],
        [
          0.0,
          0.0,
          0.0,
          1.0
        ]
      ]
    },
    {
      "file_path": "C:\\Users\\HP\\Desktop\\hzq\\hanglok-robotics\\calibration\\saved_07_21_17_12\\images\\51.png",
      "sharpness": 50,
      "transform_matrix": [
        [
          -0.6558850383296769,
          0.7534837623233278,
          0.04557451492183974,
          0.9737801088556707
        ],
        [
          -0.5919974253352284,
          -0.4759782256290988,
          -0.6503720297825195,
          -1.8398550542937986
        ],
        [
          -0.46835228716398813,
          -0.4535492791770885,
          0.7582474440881449,
          3.3008837487673097
        ],
        [
          0.0,
          0.0,
          0.0,
          1.0
        ]
      ]
    },
    {
      "file_path": "C:\\Users\\HP\\Desktop\\hzq\\hanglok-robotics\\calibration\\saved_07_21_17_12\\images\\52.png",
      "sharpness": 50,
      "transform_matrix": [
        [
          -0.640993854459268,
          0.7659438858571993,
          0.04956654379139854,
          1.0254483473230736
        ],
        [
          -0.5914958866779986,
          -0.4517853812877981,
          -0.667849223476113,
          -1.933955352110314
        ],
        [
          -0.48914158951009173,
          -0.4574056547230399,
          0.7426443108507114,
          3.2978406895370886
        ],
        [
          0.0,
          0.0,
          0.0,
          1.0
        ]
      ]
    },
    {
      "file_path": "C:\\Users\\HP\\Desktop\\hzq\\hanglok-robotics\\calibration\\saved_07_21_17_12\\images\\54.png",
      "sharpness": 50,
      "transform_matrix": [
        [
          -0.6153744947146317,
          0.7843867601196474,
          0.07779229912860618,
          1.2168451244498608
        ],
        [
          -0.6117745814514016,
          -0.4130482884814352,
          -0.674628025561138,
          -2.015708149560988
        ],
        [
          -0.49703731524370914,
          -0.46274023158956007,
          0.7340472636852248,
          3.3930106462205027
        ],
        [
          0.0,
          0.0,
          0.0,
          1.0
        ]
      ]
    },
    {
      "file_path": "C:\\Users\\HP\\Desktop\\hzq\\hanglok-robotics\\calibration\\saved_07_21_17_12\\images\\55.png",
      "sharpness": 50,
      "transform_matrix": [
        [
          -0.5995139938972787,
          0.795110519400786,
          0.09155453598564152,
          1.3113650791573588
        ],
        [
          -0.6235375871484113,
          -0.39227943662005144,
          -0.6762527049987989,
          -2.0456444706494206
        ],
        [
          -0.5017806777213238,
          -0.4625106545186475,
          0.7309583065553477,
          3.4434946281059733
        ],
        [
          0.0,
          0.0,
          0.0,
          1.0
        ]
      ]
    },
    {
      "file_path": "C:\\Users\\HP\\Desktop\\hzq\\hanglok-robotics\\calibration\\saved_07_21_17_12\\images\\58.png",
      "sharpness": 50,
      "transform_matrix": [
        [
          -0.5613643627834894,
          -0.4540765594134068,
          -0.6918703132726318,
          -14.856011650328623
        ],
        [
          0.6419933584088318,
          -0.7665026733833008,
          -0.017837585464482376,
          2.001707854341015
        ],
        [
          -0.5222208153220591,
          -0.4541895307991326,
          0.721801420168198,
          3.4702018497702944
        ],
        [
          0.0,
          0.0,
          0.0,
          1.0
        ]
      ]
    },
    {
      "file_path": "C:\\Users\\HP\\Desktop\\hzq\\hanglok-robotics\\calibration\\saved_07_21_17_12\\images\\59.png",
      "sharpness": 50,
      "transform_matrix": [
        [
          -0.5711984575213276,
          -0.43302010249487427,
          -0.6972990125911441,
          -14.88506221985768
        ],
        [
          0.6225620458458847,
          -0.7821950370650513,
          -0.024236812145767624,
          1.948183500631685
        ],
        [
          -0.5349288001196445,
          -0.44795592955795466,
          0.7163704795539988,
          3.520438601787284
        ],
        [
          0.0,
          0.0,
          0.0,
          1.0
        ]
      ]
    },
    {
      "file_path": "C:\\Users\\HP\\Desktop\\hzq\\hanglok-robotics\\calibration\\saved_07_21_17_12\\images\\60.png",
      "sharpness": 50,
      "transform_matrix": [
        [
          -0.5200460087080142,
          0.8404195286096267,
          0.15247020941297768,
          1.730109724449901
        ],
        [
          -0.6595739375269966,
          -0.28171661124771924,
          -0.6968486004020068,
          -2.269796213293579
        ],
        [
          -0.5426917815500784,
          -0.462958709690913,
          0.7008244169257569,
          3.6529522441470093
        ],
        [
          0.0,
          0.0,
          0.0,
          1.0
        ]
      ]
    },
    {
      "file_path": "C:\\Users\\HP\\Desktop\\hzq\\hanglok-robotics\\calibration\\saved_07_21_17_12\\images\\62.png",
      "sharpness": 50,
      "transform_matrix": [
        [
          -0.4862311211967973,
          0.8560473250074906,
          0.17539177325982414,
          1.8878343940314533
        ],
        [
          -0.6653953145351765,
          -0.23261126248086353,
          -0.7093243799290231,
          -2.3922833469896
        ],
        [
          -0.566417136194112,
          -0.46160045268021505,
          0.6827127140394278,
          3.7167627339152127
        ],
        [
          0.0,
          0.0,
          0.0,
          1.0
        ]
      ]
    },
    {
      "file_path": "C:\\Users\\HP\\Desktop\\hzq\\hanglok-robotics\\calibration\\saved_07_21_17_12\\images\\67.png",
      "sharpness": 50,
      "transform_matrix": [
        [
          -0.6168402093971801,
          -0.2596967341248232,
          -0.7430112800999349,
          -15.518073459038924
        ],
        [
          0.5113157663467108,
          -0.8498919947383244,
          -0.12743541252331347,
          1.250090121967316
        ],
        [
          -0.5983847785130557,
          -0.45852066863404556,
          0.6570345906261474,
          3.663423793774979
        ],
        [
          0.0,
          0.0,
          0.0,
          1.0
        ]
      ]
    },
    {
      "file_path": "C:\\Users\\HP\\Desktop\\hzq\\hanglok-robotics\\calibration\\saved_07_21_17_12\\images\\68.png",
      "sharpness": 50,
      "transform_matrix": [
        [
          -0.6216838806873851,
          -0.2541720382677487,
          -0.7408817229870712,
          -15.510135190232148
        ],
        [
          0.4957454633638466,
          -0.8600047281054887,
          -0.12094752246478753,
          1.409555631367876
        ],
        [
          -0.6064203064275124,
          -0.4424798781854644,
          0.660655711663298,
          3.851573976424392
        ],
        [
          0.0,
          0.0,
          0.0,
          1.0
        ]
      ]
    },
    {
      "file_path": "C:\\Users\\HP\\Desktop\\hzq\\hanglok-robotics\\calibration\\saved_07_21_17_12\\images\\69.png",
      "sharpness": 50,
      "transform_matrix": [
        [
          -0.3824439805229401,
          0.8896922185331145,
          0.24936791702902264,
          2.416153557046883
        ],
        [
          -0.6850110723767818,
          -0.09189322447062434,
          -0.722713958643115,
          -2.7175369625446253
        ],
        [
          -0.6200777632547227,
          -0.4472173873833796,
          0.6445930312522808,
          4.022541369034322
        ],
        [
          0.0,
          0.0,
          0.0,
          1.0
        ]
      ]
    },
    {
      "file_path": "C:\\Users\\HP\\Desktop\\hzq\\hanglok-robotics\\calibration\\saved_07_21_17_12\\images\\74.png",
      "sharpness": 50,
      "transform_matrix": [
        [
          -0.31705939401765587,
          0.902308400690475,
          0.2920837049692332,
          2.78039277157085
        ],
        [
          -0.6943783302281953,
          -0.011080133626611869,
          -0.7195248189939801,
          -2.9264345594502306
        ],
        [
          -0.6459969622023468,
          -0.4309486984342959,
          0.6300564610756135,
          4.303523061591065
        ],
        [
          0.0,
          0.0,
          0.0,
          1.0
        ]
      ]
    },
    {
      "file_path": "C:\\Users\\HP\\Desktop\\hzq\\hanglok-robotics\\calibration\\saved_07_21_17_12\\images\\75.png",
      "sharpness": 50,
      "transform_matrix": [
        [
          -0.6557057301948906,
          -0.113600545822863,
          -0.7464214033495643,
          -15.984360913394848
        ],
        [
          0.3901000064938208,
          -0.897407777233516,
          -0.2061098403626622,
          0.4236271035785456
        ],
        [
          -0.6464301820947923,
          -0.42632639766914354,
          0.6327509955166766,
          4.217690638289379
        ],
        [
          0.0,
          0.0,
          0.0,
          1.0
        ]
      ]
    },
    {
      "file_path": "C:\\Users\\HP\\Desktop\\hzq\\hanglok-robotics\\calibration\\saved_07_21_17_12\\images\\76.png",
      "sharpness": 50,
      "transform_matrix": [
        [
          -0.3006147041601769,
          0.9015072832974016,
          0.3113124119023013,
          2.9373200734910005
        ],
        [
          -0.6938238367951616,
          0.017251132881249482,
          -0.7199381097769135,
          -3.0022159197256375
        ],
        [
          -0.6543999412725603,
          -0.43241995395223437,
          0.6203012979886607,
          4.346625850815992
        ],
        [
          0.0,
          0.0,
          0.0,
          1.0
        ]
      ]
    },
    {
      "file_path": "C:\\Users\\HP\\Desktop\\hzq\\hanglok-robotics\\calibration\\saved_07_21_17_12\\images\\78.png",
      "sharpness": 50,
      "transform_matrix": [
        [
          -0.2878323047958346,
          0.9041019537805467,
          0.3158357508042994,
          3.0340286366829954
        ],
        [
          -0.6899335051304716,
          0.03296372554791172,
          -0.7231218094459491,
          -3.1209758280491724
        ],
        [
          -0.6641869637491384,
          -0.4260434836588862,
          0.6142822048680077,
          4.435203903386557
        ],
        [
          0.0,
          0.0,
          0.0,
          1.0
        ]
      ]
    },
    {
      "file_path": "C:\\Users\\HP\\Desktop\\hzq\\hanglok-robotics\\calibration\\saved_07_21_17_12\\images\\79.png",
      "sharpness": 50,
      "transform_matrix": [
        [
          -0.2878323047958346,
          0.9041019537805467,
          0.3158357508042994,
          3.0340286366829954
        ],
        [
          -0.6899335051304716,
          0.03296372554791172,
          -0.7231218094459491,
          -3.1209758280491724
        ],
        [
          -0.6641869637491384,
          -0.4260434836588862,
          0.6142822048680077,
          4.435203903386557
        ],
        [
          0.0,
          0.0,
          0.0,
          1.0
        ]
      ]
    },
    {
      "file_path": "C:\\Users\\HP\\Desktop\\hzq\\hanglok-robotics\\calibration\\saved_07_21_17_12\\images\\80.png",
      "sharpness": 50,
      "transform_matrix": [
        [
          -0.2878323047958346,
          0.9041019537805467,
          0.3158357508042994,
          3.0340286366829954
        ],
        [
          -0.6899335051304716,
          0.03296372554791172,
          -0.7231218094459491,
          -3.1209758280491724
        ],
        [
          -0.6641869637491384,
          -0.4260434836588862,
          0.6142822048680077,
          4.435203903386557
        ],
        [
          0.0,
          0.0,
          0.0,
          1.0
        ]
      ]
    },
    {
      "file_path": "C:\\Users\\HP\\Desktop\\hzq\\hanglok-robotics\\calibration\\saved_07_21_17_12\\images\\81.png",
      "sharpness": 50,
      "transform_matrix": [
        [
          -0.2878323047958346,
          0.9041019537805467,
          0.3158357508042994,
          3.0340286366829954
        ],
        [
          -0.6899335051304716,
          0.03296372554791172,
          -0.7231218094459491,
          -3.1209758280491724
        ],
        [
          -0.6641869637491384,
          -0.4260434836588862,
          0.6142822048680077,
          4.435203903386557
        ],
        [
          0.0,
          0.0,
          0.0,
          1.0
        ]
      ]
    },
    {
      "file_path": "C:\\Users\\HP\\Desktop\\hzq\\hanglok-robotics\\calibration\\saved_07_21_17_12\\images\\85.png",
      "sharpness": 50,
      "transform_matrix": [
        [
          -0.6534357509461302,
          -0.2127762664783454,
          -0.7264626485986757,
          -15.855667684416165
        ],
        [
          0.44914396218571995,
          -0.8814805234818702,
          -0.14581422411493483,
          1.089993193727585
        ],
        [
          -0.609336869570174,
          -0.42156653940471145,
          0.6715580631909325,
          4.0995451117773
        ],
        [
          0.0,
          0.0,
          0.0,
          1.0
        ]
      ]
    },
    {
      "file_path": "C:\\Users\\HP\\Desktop\\hzq\\hanglok-robotics\\calibration\\saved_07_21_17_12\\images\\87.png",
      "sharpness": 50,
      "transform_matrix": [
        [
          -0.3689450927227726,
          0.9000423705268297,
          0.23195527545677752,
          2.6410353915372933
        ],
        [
          -0.7302613858985306,
          -0.12632124065126193,
          -0.6713875575447337,
          -2.684681431888334
        ],
        [
          -0.5749763706634751,
          -0.41709312559279926,
          0.7038717907132572,
          4.362670966341226
        ],
        [
          0.0,
          0.0,
          0.0,
          1.0
        ]
      ]
    },
    {
