{
  "camera_angle_x": 1.2235306391055296,
  "camera_angle_y": 0.7521676402860731,
  "fl_x": 912.266,
  "fl_y": 911.672,
  "k1": 0,
  "k2": 0,
  "k3": 0,
  "k4": 0,
  "p1": 0,
  "p2": 0,
  "is_fisheye": false,
  "cx": 637.773,
  "cy": 375.817,
  "w": 1280,
  "h": 720,
  "aabb_scale": 8,
  "frames": [
    {
      "file_path": "C:\\Users\\HP\\Desktop\\hzq\\hanglok-robotics\\calibration\\saved_07_21_17_03\\images\\0.png",
      "sharpness": 50,
      "transform_matrix": [
        [
          -0.743184978430375,
          0.3387779945937797,
          0.5769796861367479,
          6.512059350368078
        ],
        [
          -0.373642131057456,
          -0.9254895342256353,
          0.062134370019017345,
          0.2819619750222841
        ],
        [
          0.5550384182507425,
          -0.16940658906262818,
          0.8143916513864075,
          8.317802654420657
        ],
        [
          0.0,
          0.0,
          0.0,
          1.0
        ]
      ]
    },
    {
      "file_path": "C:\\Users\\HP\\Desktop\\hzq\\hanglok-robotics\\calibration\\saved_07_21_17_03\\images\\1.png",
      "sharpness": 50,
      "transform_matrix": [
        [
          -0.743184978430375,
          0.3387779945937797,
          0.5769796861367479,
          6.512059350368078
        ],
        [
          -0.373642131057456,
          -0.9254895342256353,
          0.062134370019017345,
          0.2819619750222841
        ],
        [
          0.5550384182507425,
          -0.16940658906262818,
          0.8143916513864075,
          8.317802654420657
        ],
        [
          0.0,
          0.0,
          0.0,
          1.0
        ]
      ]
    },
    {
      "file_path": "C:\\Users\\HP\\Desktop\\hzq\\hanglok-robotics\\calibration\\saved_07_21_17_03\\images\\2.png",
      "sharpness": 50,
      "transform_matrix": [
        [
          -0.743184978430375,
          0.3387779945937797,
          0.5769796861367479,
          6.512059350368078
        ],
        [
          -0.373642131057456,
          -0.9254895342256353,
          0.062134370019017345,
          0.2819619750222841
        ],
        [
          0.5550384182507425,
          -0.16940658906262818,
          0.8143916513864075,
          8.317802654420657
        ],
        [
          0.0,
          0.0,
          0.0,
          1.0
        ]
      ]
    },
    {
      "file_path": "C:\\Users\\HP\\Desktop\\hzq\\hanglok-robotics\\calibration\\saved_07_21_17_03\\images\\3.png",
      "sharpness": 50,
      "transform_matrix": [
        [
          -0.743184978430375,
          0.3387779945937797,
          0.5769796861367479,
          6.512059350368078
        ],
        [
          -0.373642131057456,
          -0.9254895342256353,
          0.062134370019017345,
          0.2819619750222841
        ],
        [
          0.5550384182507425,
          -0.16940658906262818,
          0.8143916513864075,
          8.317802654420657
        ],
        [
          0.0,
          0.0,
          0.0,
          1.0
        ]
      ]
    },
    {
      "file_path": "C:\\Users\\HP\\Desktop\\hzq\\hanglok-robotics\\calibration\\saved_07_21_17_03\\images\\4.png",
      "sharpness": 50,
      "transform_matrix": [
        [
          -0.743184978430375,
          0.3387779945937797,
          0.5769796861367479,
          6.512059350368078
        ],
        [
          -0.373642131057456,
          -0.9254895342256353,
          0.062134370019017345,
          0.2819619750222841
        ],
        [
          0.5550384182507425,
          -0.16940658906262818,
          0.8143916513864075,
          8.317802654420657
        ],
        [
          0.0,
          0.0,
          0.0,
          1.0
        ]
      ]
    },
    {
      "file_path": "C:\\Users\\HP\\Desktop\\hzq\\hanglok-robotics\\calibration\\saved_07_21_17_03\\images\\5.png",
      "sharpness": 50,
      "transform_matrix": [
        [
          -0.7476365199472512,
          0.337475692064686,
          0.5719700965143413,
          6.4477133887342735
        ],
        [
          -0.37874153735140165,
          -0.9241399546077688,
          0.050201515736566726,
          0.16140146639200278
        ],
        [
          0.5455222102956583,
          -0.17909634715150724,
          0.8187368420384699,
          8.332134251181321
        ],
        [
          0.0,
          0.0,
          0.0,
          1.0
        ]
      ]
    },
    {
      "file_path": "C:\\Users\\HP\\Desktop\\hzq\\hanglok-robotics\\calibration\\saved_07_21_17_03\\images\\6.png",
      "sharpness": 50,
      "transform_matrix": [
        [
          -0.7470386844456033,
          0.33839803552929915,
          0.5722062333562031,
          6.36470842334145
        ],
        [
          -0.37290309321371823,
          -0.9258815038686032,
          0.060718398082091646,
          0.27198818514840306
        ],
        [
          0.5503421544942959,
          -0.16801848214980863,
          0.8178589747888392,
          8.20142251013281
        ],
        [
          0.0,
          0.0,
          0.0,
          1.0
        ]
      ]
    },
    {
      "file_path": "C:\\Users\\HP\\Desktop\\hzq\\hanglok-robotics\\calibration\\saved_07_21_17_03\\images\\7.png",
      "sharpness": 50,
      "transform_matrix": [
        [
          -0.7431010481913553,
          0.3333622767107188,
          0.5802330778602297,
          6.3295958403894845
        ],
        [
          -0.3653620916562138,
          -0.9285534976822932,
          0.06556633223367517,
          0.3259197367749322
        ],
        [
          0.5606347957070678,
          -0.16327276076622957,
          0.8118070161277666,
          7.983031267566276
        ],
        [
          0.0,
          0.0,
          0.0,
          1.0
        ]
      ]
    },
    {
      "file_path": "C:\\Users\\HP\\Desktop\\hzq\\hanglok-robotics\\calibration\\saved_07_21_17_03\\images\\8.png",
      "sharpness": 50,
      "transform_matrix": [
        [
          -0.7517004797049753,
          0.32931441914333365,
          0.5714003869053632,
          6.185362859614613
        ],
        [
          -0.36675350179973387,
          -0.9288172093712393,
          0.05282480945026264,
          0.20515323422682427
        ],
        [
          0.5481224842395563,
          -0.1698546582231784,
          0.8189695582565598,
          7.9389297538335635
        ],
        [
          0.0,
          0.0,
          0.0,
          1.0
        ]
      ]
    },
    {
      "file_path": "C:\\Users\\HP\\Desktop\\hzq\\hanglok-robotics\\calibration\\saved_07_21_17_03\\images\\9.png",
      "sharpness": 50,
      "transform_matrix": [
        [
          -0.7552570992831823,
          0.3269966553373111,
          0.568031602448812,
          6.109899207830397
        ],
        [
          -0.3629904482662842,
          -0.9302898529495012,
          0.05290296746533204,
          0.21128175474688377
        ],
        [
          0.545733129331357,
          -0.16623470425097076,
          0.8213046783336845,
          7.869853292361713
        ],
        [
          0.0,
          0.0,
          0.0,
          1.0
        ]
      ]
    },
    {
      "file_path": "C:\\Users\\HP\\Desktop\\hzq\\hanglok-robotics\\calibration\\saved_07_21_17_03\\images\\10.png",
      "sharpness": 50,
      "transform_matrix": [
        [
          -0.7607754940821345,
          0.3277287360292731,
          0.5601915058127348,
          5.96493648505349
        ],
        [
          -0.3623999905618242,
          -0.9305573868286174,
          0.05224171378777856,
          0.20874222202735424
        ],
        [
          0.5384114546003586,
          -0.16326918080075453,
          0.8267141465801687,
          7.789157494021412
        ],
        [
          0.0,
          0.0,
          0.0,
          1.0
        ]
      ]
    },
    {
      "file_path": "C:\\Users\\HP\\Desktop\\hzq\\hanglok-robotics\\calibration\\saved_07_21_17_03\\images\\11.png",
      "sharpness": 50,
      "transform_matrix": [
        [
          -0.7755804421232587,
          0.33331831663804035,
          0.5360726420826506,
          5.704406377963094
        ],
        [
          -0.3589990964118087,
          -0.9314237108005153,
          0.05974545785331431,
          0.28940158348124984
        ],
        [
          0.5192250249856949,
          -0.14611218550203256,
          0.8420549879173117,
          7.8590713250277595
        ],
        [
          0.0,
          0.0,
          0.0,
          1.0
        ]
      ]
    },
    {
      "file_path": "C:\\Users\\HP\\Desktop\\hzq\\hanglok-robotics\\calibration\\saved_07_21_17_03\\images\\12.png",
      "sharpness": 50,
      "transform_matrix": [
        [
          -0.7753664775814814,
          0.32464529098520745,
          0.541675419863239,
          5.695296131222375
        ],
        [
          -0.3541365473797546,
          -0.9337084881035144,
          0.0526855298293229,
          0.22782922429340347
        ],
        [
          0.5228710464854914,
          -0.15097646930757025,
          0.8389350239813493,
          7.696292882614532
        ],
        [
          0.0,
          0.0,
          0.0,
          1.0
        ]
      ]
    },
    {
      "file_path": "C:\\Users\\HP\\Desktop\\hzq\\hanglok-robotics\\calibration\\saved_07_21_17_03\\images\\13.png",
      "sharpness": 50,
      "transform_matrix": [
        [
          -0.7823704117742948,
          0.32128791869089846,
          0.5335453233638086,
          5.576041673162606
        ],
        [
          -0.35511416005026325,
          -0.933894964556224,
          0.0416428686370889,
          0.1329033829737552
        ],
        [
          0.5116546414447116,
          -0.15688935107202281,
          0.8447456773540089,
          7.641000579457251
        ],
        [
          0.0,
          0.0,
          0.0,
          1.0
        ]
      ]
    },
    {
      "file_path": "C:\\Users\\HP\\Desktop\\hzq\\hanglok-robotics\\calibration\\saved_07_21_17_03\\images\\14.png",
      "sharpness": 50,
      "transform_matrix": [
        [
          -0.7799260983975871,
          0.3266217838997156,
          0.5338852791756716,
          5.515099926047196
        ],
        [
          -0.3487783709011924,
          -0.9351139847443236,
          0.06257382461623645,
          0.3314896446758527
        ],
        [
          0.5196815650278809,
          -0.13740467902426282,
          0.843238415368045,
          7.494589797684839
        ],
        [
          0.0,
          0.0,
          0.0,
          1.0
        ]
      ]
    },
    {
      "file_path": "C:\\Users\\HP\\Desktop\\hzq\\hanglok-robotics\\calibration\\saved_07_21_17_03\\images\\16.png",
      "sharpness": 50,
      "transform_matrix": [
        [
          -0.7972550637075423,
          0.31835683490408373,
          0.5128677110742461,
          5.243204418971492
        ],
        [
          -0.33565422896124825,
          -0.9399627274809084,
          0.061695295826188774,
          0.32855492764945016
        ],
        [
          0.5017176516459356,
          -0.12295932911538256,
          0.856247862134781,
          7.403271201586998
        ],
        [
          0.0,
          0.0,
          0.0,
          1.0
        ]
      ]
    },
    {
      "file_path": "C:\\Users\\HP\\Desktop\\hzq\\hanglok-robotics\\calibration\\saved_07_21_17_03\\images\\18.png",
      "sharpness": 50,
      "transform_matrix": [
        [
          -0.8106328469282987,
          0.3098885616820745,
          0.4968334397155013,
          5.00881264047864
        ],
        [
          -0.3312795657882879,
          -0.9423486531715497,
          0.04725320260988173,
          0.2098616259574235
        ],
        [
          0.4828335497581386,
          -0.12628576801992458,
          0.8665585196762958,
          7.258860035984348
        ],
        [
          0.0,
          0.0,
          0.0,
          1.0
        ]
      ]
    },
    {
      "file_path": "C:\\Users\\HP\\Desktop\\hzq\\hanglok-robotics\\calibration\\saved_07_21_17_03\\images\\19.png",
      "sharpness": 50,
      "transform_matrix": [
        [
          -0.8096310288383062,
          0.3113980469160445,
          0.4975227165859856,
          4.977381594720713
        ],
        [
          -0.3269845829014908,
          -0.9432323584372483,
          0.05825633477695831,
          0.31256463679000646
        ],
        [
          0.4874204342115378,
          -0.11551612170506759,
          0.8654925452823127,
          7.144543394223611
        ],
        [
          0.0,
          0.0,
          0.0,
          1.0
        ]
      ]
    },
    {
      "file_path": "C:\\Users\\HP\\Desktop\\hzq\\hanglok-robotics\\calibration\\saved_07_21_17_03\\images\\20.png",
      "sharpness": 50,
      "transform_matrix": [
        [
          -0.8151371765677504,
          0.3068908930617401,
          0.4912935610537997,
          4.864862231209299
        ],
        [
          -0.3215096082929664,
          -0.9451901444804232,
          0.05698387975891811,
          0.30073276925954623
        ],
        [
          0.4818536657040801,
          -0.11150592151470307,
          0.8691279965083955,
          7.04676458489489
        ],
        [
          0.0,
          0.0,
          0.0,
          1.0
        ]
      ]
    },
    {
      "file_path": "C:\\Users\\HP\\Desktop\\hzq\\hanglok-robotics\\calibration\\saved_07_21_17_03\\images\\21.png",
      "sharpness": 50,
      "transform_matrix": [
        [
          -0.8353229728925479,
          0.30185258676704224,
          0.45947855969566276,
          4.58227251798669
        ],
        [
          -0.31858792273009756,
          -0.9469224654023735,
          0.04289032532882098,
          0.188316723625718
        ],
        [
          0.4480371261943332,
          -0.11055704581045905,
          0.8871526774874702,
          7.122732524927989
        ],
        [
          0.0,
          0.0,
          0.0,
          1.0
        ]
      ]
    },
    {
      "file_path": "C:\\Users\\HP\\Desktop\\hzq\\hanglok-robotics\\calibration\\saved_07_21_17_03\\images\\22.png",
      "sharpness": 50,
      "transform_matrix": [
        [
          -0.828775297411346,
          0.30009524904761303,
          0.4723074717806041,
          4.643135337172292
        ],
        [
          -0.3095870591782321,
          -0.9489933310339298,
          0.0597286400523258,
          0.32440997792269366
        ],
        [
          0.4661409220290672,
          -0.09671865979312148,
          0.8794078357950386,
          6.952956319518756
        ],
        [
          0.0,
          0.0,
          0.0,
          1.0
        ]
      ]
    },
    {
      "file_path": "C:\\Users\\HP\\Desktop\\hzq\\hanglok-robotics\\calibration\\saved_07_21_17_03\\images\\24.png",
      "sharpness": 50,
      "transform_matrix": [
        [
          -0.8394920705301051,
          0.298841126552757,
          0.45381388762107744,
          4.404365531037472
        ],
        [
          -0.30064496585666456,
          -0.9511497486904701,
          0.0701908831052889,
          0.408775096741844
        ],
        [
          0.4526208877439506,
          -0.07751217095872351,
          0.8883277522013729,
          6.798821268186924
        ],
        [
          0.0,
          0.0,
          0.0,
          1.0
        ]
      ]
    },
    {
      "file_path": "C:\\Users\\HP\\Desktop\\hzq\\hanglok-robotics\\calibration\\saved_07_21_17_03\\images\\25.png",
      "sharpness": 50,
      "transform_matrix": [
        [
          -0.8463246111279942,
          0.2938723432324851,
          0.444267597830517,
          4.272711383557641
        ],
        [
          -0.29923259627263626,
          -0.9522989295963086,
          0.05988824607268691,
          0.3345452912631772
        ],
        [
          0.44067505707378873,
          -0.08225445017002862,
          0.8938902055063807,
          6.713837134975528
        ],
        [
          0.0,
          0.0,
          0.0,
          1.0
        ]
      ]
    },
    {
      "file_path": "C:\\Users\\HP\\Desktop\\hzq\\hanglok-robotics\\calibration\\saved_07_21_17_03\\images\\28.png",
      "sharpness": 50,
      "transform_matrix": [
        [
          -0.8694031136515584,
          0.2805118117360859,
          0.40675711358194366,
          3.87596867873307
        ],
        [
          -0.2877228845062354,
          -0.9566668606810625,
          0.04476672208295938,
          0.21977128714091254
        ],
        [
          0.40168864522710507,
          -0.0781130024463284,
          0.9124388150141536,
          6.573951028774309
        ],
        [
          0.0,
          0.0,
          0.0,
          1.0
        ]
      ]
    },
    {
      "file_path": "C:\\Users\\HP\\Desktop\\hzq\\hanglok-robotics\\calibration\\saved_07_21_17_03\\images\\29.png",
      "sharpness": 50,
      "transform_matrix": [
        [
          -0.8708752973444208,
          0.2803392731651008,
          0.4037153804309785,
          3.8019184999839393
        ],
        [
          -0.2826288134372024,
          -0.9576336481075932,
          0.055305965566301955,
          0.299965443817871
        ],
        [
          0.4021158667478141,
          -0.06593699973008274,
          0.9132114441772231,
          6.467453999121446
        ],
        [
          0.0,
          0.0,
          0.0,
          1.0
        ]
      ]
    },
    {
      "file_path": "C:\\Users\\HP\\Desktop\\hzq\\hanglok-robotics\\calibration\\saved_07_21_17_03\\images\\31.png",
      "sharpness": 50,
      "transform_matrix": [
        [
          -0.8770027757402169,
          0.2760673205288027,
          0.39325941295791234,
          3.6232656448293032
        ],
        [
          -0.27649077398943456,
          -0.9593334878964709,
          0.05685165696015276,
          0.31500386119160473
        ],
        [
          0.3929618088856447,
          -0.058873538507879235,
          0.917668198871947,
          6.286928866551777
        ],
        [
          0.0,
          0.0,
          0.0,
          1.0
        ]
      ]
    },
    {
      "file_path": "C:\\Users\\HP\\Desktop\\hzq\\hanglok-robotics\\calibration\\saved_07_21_17_03\\images\\32.png",
      "sharpness": 50,
      "transform_matrix": [
        [
          -0.8828144118481568,
          0.270793831612531,
          0.38380908664829344,
          3.4976794943372616
        ],
        [
          -0.2641322367846224,
          -0.9618626359751148,
          0.07109452163252247,
          0.4089292550731834
        ],
        [
          0.38842357771425934,
          -0.03861308425403526,
          0.9206715777083844,
          6.201147221765537
        ],
        [
          0.0,
          0.0,
          0.0,
          1.0
        ]
      ]
    },
    {
      "file_path": "C:\\Users\\HP\\Desktop\\hzq\\hanglok-robotics\\calibration\\saved_07_21_17_03\\images\\33.png",
      "sharpness": 50,
      "transform_matrix": [
        [
          -0.8842688573038707,
          0.2689883257352274,
          0.38172485984104587,
          3.4209370250803057
        ],
        [
          -0.2632639224586443,
          -0.9623065494694812,
          0.06825109508154165,
          0.3914231683553531
        ],
        [
          0.38569508051593787,
          -0.04014206604423729,
          0.9217526346040484,
          6.092374738899359
        ],
        [
          0.0,
          0.0,
          0.0,
          1.0
        ]
      ]
    },
    {
      "file_path": "C:\\Users\\HP\\Desktop\\hzq\\hanglok-robotics\\calibration\\saved_07_21_17_03\\images\\34.png",
      "sharpness": 50,
      "transform_matrix": [
        [
          -0.8928999532073023,
          0.2640616452995248,
          0.3646931875482532,
          3.261813037302862
        ],
        [
          -0.25937664362408885,
          -0.963734910368777,
          0.06275969469960269,
          0.35387593789769994
        ],
        [
          0.36803998465479243,
          -0.038554766478256446,
          0.9290102796401704,
          6.059865886817857
        ],
        [
          0.0,
          0.0,
          0.0,
          1.0
        ]
      ]
    },
    {
      "file_path": "C:\\Users\\HP\\Desktop\\hzq\\hanglok-robotics\\calibration\\saved_07_21_17_03\\images\\35.png",
      "sharpness": 50,
      "transform_matrix": [
        [
          -0.9008670644965201,
          0.2592676378375288,
          0.3481649380330691,
          3.103751125538549
        ],
        [
          -0.25552896778226736,
          -0.9650900779439997,
          0.05749859196688771,
          0.31713864929390395
        ],
        [
          0.3509180513019412,
          -0.03716763947567392,
          0.9356682573680987,
          6.026255320529009
        ],
        [
          0.0,
          0.0,
          0.0,
          1.0
        ]
      ]
    },
    {
      "file_path": "C:\\Users\\HP\\Desktop\\hzq\\hanglok-robotics\\calibration\\saved_07_21_17_03\\images\\37.png",
      "sharpness": 50,
      "transform_matrix": [
        [
          -0.910646666013826,
          0.24977511354144236,
          0.32914289044921324,
          2.8665498160737846
        ],
        [
          -0.24659365163866445,
          -0.9677169163746354,
          0.052110850442843866,
          0.2826412796992919
        ],
        [
          0.33153313657824945,
          -0.03370997504785549,
          0.9428411408783882,
          5.884508420560199
        ],
        [
          0.0,
          0.0,
          0.0,
          1.0
        ]
      ]
    },
    {
      "file_path": "C:\\Users\\HP\\Desktop\\hzq\\hanglok-robotics\\calibration\\saved_07_21_17_03\\images\\38.png",
      "sharpness": 50,
      "transform_matrix": [
        [
          -0.9157500532595835,
          0.24498793466576682,
          0.3184065825690044,
          2.732438363816874
        ],
        [
          -0.23813940279038287,
          -0.9693189189307192,
          0.060913530858266854,
          0.3376148781455901
        ],
        [
          0.3235606045143784,
          -0.020043584289822287,
          0.9459951320884834,
          5.809712947967196
        ],
        [
          0.0,
          0.0,
          0.0,
          1.0
        ]
      ]
    },
    {
      "file_path": "C:\\Users\\HP\\Desktop\\hzq\\hanglok-robotics\\calibration\\saved_07_21_17_03\\images\\39.png",
      "sharpness": 50,
      "transform_matrix": [
        [
          -0.9173421912285519,
          0.24067205035646913,
          0.3171123907532032,
          2.657929497658255
        ],
        [
          -0.2333164209257726,
          -0.970448820209509,
          0.0615835617706479,
          0.3415130835748351
        ],
        [
          0.32256278755985907,
          -0.017494328543407413,
          0.9463863886121929,
          5.710375324018942
        ],
        [
          0.0,
          0.0,
          0.0,
          1.0
        ]
      ]
    },
    {
      "file_path": "C:\\Users\\HP\\Desktop\\hzq\\hanglok-robotics\\calibration\\saved_07_21_17_03\\images\\40.png",
      "sharpness": 50,
      "transform_matrix": [
        [
          -0.9250815714027841,
          0.2441341454204234,
          0.2908996481448456,
          2.4433340058758106
        ],
        [
          -0.23319924293982086,
          -0.969740957624096,
          0.07225363796097478,
          0.40380320505113704
        ],
        [
          0.29973688352161443,
          -0.0009970687743318446,
          0.9540213868203423,
          5.686680412444497
        ],
        [
          0.0,
          0.0,
          0.0,
          1.0
        ]
      ]
    },
    {
      "file_path": "C:\\Users\\HP\\Desktop\\hzq\\hanglok-robotics\\calibration\\saved_07_21_17_03\\images\\41.png",
      "sharpness": 50,
      "transform_matrix": [
        [
          -0.9185225179512305,
          0.23847716717225964,
          0.3153490522484976,
          2.5128855088883393
        ],
        [
          -0.23018419683632868,
          -0.9710483944303244,
          0.06387684401332942,
          0.35745787767173226
        ],
        [
          0.3214523596792311,
          -0.013916048713016535,
          0.9468234914939908,
          5.514897147338816
        ],
        [
          0.0,
          0.0,
          0.0,
          1.0
        ]
      ]
    },
    {
      "file_path": "C:\\Users\\HP\\Desktop\\hzq\\hanglok-robotics\\calibration\\saved_07_21_17_03\\images\\42.png",
      "sharpness": 50,
      "transform_matrix": [
        [
          -0.9292958263997273,
          0.23282894742004417,
          0.28670533353832534,
          2.281199657828909
        ],
        [
          -0.22672813242945505,
          -0.9724156760784116,
          0.05479148548832298,
          0.30331390770005134
        ],
        [
          0.29155380464178393,
          -0.014086666044168743,
          0.9564507017293994,
          5.510595761646313
        ],
        [
          0.0,
          0.0,
          0.0,
          1.0
        ]
      ]
    },
    {
      "file_path": "C:\\Users\\HP\\Desktop\\hzq\\hanglok-robotics\\calibration\\saved_07_21_17_03\\images\\44.png",
      "sharpness": 50,
      "transform_matrix": [
        [
          -0.9315158525838808,
          0.22921783449267444,
          0.28237811660150763,
          2.1171622106055388
        ],
        [
          -0.22418526743890507,
          -0.9732388029479704,
          0.0504697761016347,
          0.28196489846506606
        ],
        [
          0.28638991296530036,
          -0.016291617074171497,
          0.9579746348233006,
          5.327975526730596
        ],
        [
          0.0,
          0.0,
          0.0,
          1.0
        ]
      ]
    },
    {
      "file_path": "C:\\Users\\HP\\Desktop\\hzq\\hanglok-robotics\\calibration\\saved_07_21_17_03\\images\\45.png",
      "sharpness": 50,
      "transform_matrix": [
        [
          -0.9360457383638151,
          0.22700828539851906,
          0.2688598409048191,
          1.964856647594426
        ],
        [
          -0.21894128429693482,
          -0.9738891777944395,
          0.06003818289454906,
          0.3356230190137342
        ],
        [
          0.2754688543580724,
          -0.002666033626020729,
          0.9613063000643218,
          5.263337759761803
        ],
        [
          0.0,
          0.0,
          0.0,
          1.0
        ]
      ]
    },
    {
      "file_path": "C:\\Users\\HP\\Desktop\\hzq\\hanglok-robotics\\calibration\\saved_07_21_17_03\\images\\46.png",
      "sharpness": 50,
      "transform_matrix": [
        [
          -0.9324618256039642,
          0.22410863057983135,
          0.2833553696172972,
          1.9588864362327265
        ],
        [
          -0.21528893941963814,
          -0.9745598769703829,
          0.062319489431784704,
          0.35222713076245055
        ],
        [
          0.29011310958812225,
          -0.0028927321174985593,
          0.9569879914324978,
          5.137578122197484
        ],
        [
          0.0,
          0.0,
          0.0,
          1.0
        ]
      ]
    },
    {
      "file_path": "C:\\Users\\HP\\Desktop\\hzq\\hanglok-robotics\\calibration\\saved_07_21_17_03\\images\\47.png",
      "sharpness": 50,
      "transform_matrix": [
        [
          -0.9370980166081752,
          0.21939757676846797,
          0.2714995590735803,
          1.8190859041977752
        ],
        [
          -0.21097231521913284,
          -0.9756351722719475,
          0.060222029498901646,
          0.3415238908670997
        ],
        [
          0.2780970864286485,
          -0.0008449461591872251,
          0.9605525995935282,
          5.082810674675064
        ],
        [
          0.0,
          0.0,
          0.0,
          1.0
        ]
      ]
    },
    {
      "file_path": "C:\\Users\\HP\\Desktop\\hzq\\hanglok-robotics\\calibration\\saved_07_21_17_03\\images\\48.png",
      "sharpness": 50,
      "transform_matrix": [
        [
          -0.9405314116447888,
          0.22256833833796297,
          0.25663982247293393,
          1.6658624434524982
        ],
        [
          -0.21108563610843828,
          -0.9748252914999128,
          0.0718227351247964,
          0.40333908978428756
        ],
        [
          0.26616445656427706,
          0.013378558277658594,
          0.9638347867971223,
          5.020893503804337
        ],
        [
          0.0,
          0.0,
          0.0,
          1.0
        ]
      ]
    },
    {
      "file_path": "C:\\Users\\HP\\Desktop\\hzq\\hanglok-robotics\\calibration\\saved_07_21_17_03\\images\\49.png",
      "sharpness": 50,
      "transform_matrix": [
        [
          -0.9410106976823913,
          0.21661905830691583,
          0.2599520156211992,
          1.5911483330399565
        ],
        [
          -0.20630590396760085,
          -0.9762137435955801,
          0.06666783934712363,
          0.38076483557073554
        ],
        [
          0.2682102549035183,
          0.009105514446082985,
          0.9633173665886345,
          4.91733305158253
        ],
        [
          0.0,
          0.0,
          0.0,
          1.0
        ]
      ]
    },
    {
      "file_path": "C:\\Users\\HP\\Desktop\\hzq\\hanglok-robotics\\calibration\\saved_07_21_17_03\\images\\53.png",
      "sharpness": 50,
      "transform_matrix": [
        [
          -0.9425893195579997,
          0.21847046145046176,
          0.25257876420793873,
          1.5174317546540377
        ],
        [
          -0.2149013890008911,
          -0.9757327912882446,
          0.04198705765279677,
          0.2712460882859722
        ],
        [
          0.25562231448110095,
          -0.014702975157222381,
          0.9666649134321837,
          4.855628172360498
        ],
        [
          0.0,
          0.0,
          0.0,
          1.0
        ]
      ]
    },
    {
      "file_path": "C:\\Users\\HP\\Desktop\\hzq\\hanglok-robotics\\calibration\\saved_07_21_17_03\\images\\55.png",
      "sharpness": 50,
      "transform_matrix": [
        [
          -0.9404286906749402,
          0.24231896099638994,
          0.23848563666822362,
          1.421036853112106
        ],
        [
          -0.24715718819949398,
          -0.9689250721433006,
          0.009875671795879861,
          0.20595176444638544
        ],
        [
          0.2334677752426185,
          -0.049656074288349554,
          0.9710958100051365,
          4.638215719671029
        ],
        [
          0.0,
          0.0,
          0.0,
          1.0
        ]
      ]
    },
    {
      "file_path": "C:\\Users\\HP\\Desktop\\hzq\\hanglok-robotics\\calibration\\saved_07_21_17_03\\images\\56.png",
      "sharpness": 50,
      "transform_matrix": [
        [
          -0.9466682722212353,
          0.2586249398914579,
          0.19217784168785126,
          1.2027307921447377
        ],
        [
          -0.2697754216444875,
          -0.9623280062811691,
          -0.03385306785875794,
          0.0687942069752852
        ],
        [
          0.17618287160277527,
          -0.08389248353130625,
          0.9807760432232985,
          4.567795748005241
        ],
        [
          0.0,
          0.0,
          0.0,
          1.0
        ]
      ]
    },
    {
      "file_path": "C:\\Users\\HP\\Desktop\\hzq\\hanglok-robotics\\calibration\\saved_07_21_17_03\\images\\58.png",
      "sharpness": 50,
      "transform_matrix": [
        [
          -0.9435556918974142,
          0.2968052917221987,
          0.14700093568985412,
          1.0050127608120867
        ],
        [
          -0.3132618219264397,
          -0.9438375471360806,
          -0.10506053273933927,
          -0.09449548343512036
        ],
        [
          0.10756248050003149,
          -0.14518024459907328,
          0.9835410562690476,
          4.336670710509745
        ],
        [
          0.0,
          0.0,
          0.0,
          1.0
        ]
      ]
    },
    {
      "file_path": "C:\\Users\\HP\\Desktop\\hzq\\hanglok-robotics\\calibration\\saved_07_21_17_03\\images\\60.png",
      "sharpness": 50,
      "transform_matrix": [
        [
          -0.9314259192523319,
          0.34360273133182134,
          0.11992881207725098,
          0.8909616030083097
        ],
        [
          -0.3598753814202709,
          -0.9186585739497517,
          -0.16296053005627997,
          -0.16977227806501907
        ],
        [
          0.05417994825175598,
          -0.19494508849909853,
          0.9793165707152697,
          4.124621150983894
        ],
        [
          0.0,
          0.0,
          0.0,
          1.0
        ]
      ]
    },
    {
      "file_path": "C:\\Users\\HP\\Desktop\\hzq\\hanglok-robotics\\calibration\\saved_07_21_17_03\\images\\61.png",
      "sharpness": 50,
      "transform_matrix": [
        [
          -0.9247034208351529,
          0.37255071896013886,
          0.07829141267118525,
          0.7152542945080482
        ],
        [
          -0.3806022080081746,
          -0.9003587456466722,
          -0.21094095950491412,
          -0.2736815889212942
        ],
        [
          -0.008095848014163,
          -0.22485571137917582,
          0.9743584383095865,
          3.996878667635843
        ],
        [
          0.0,
          0.0,
          0.0,
          1.0
        ]
      ]
    },
    {
      "file_path": "C:\\Users\\HP\\Desktop\\hzq\\hanglok-robotics\\calibration\\saved_07_21_17_03\\images\\62.png",
      "sharpness": 50,
      "transform_matrix": [
        [
          -0.9164639955404987,
          0.3947570781205597,
          0.06527322691320582,
          0.6562821318612319
        ],
        [
          -0.39793157789786965,
          -0.8822199461703054,
          -0.2516712655250386,
          -0.357915689650137
        ],
        [
          -0.04176367069183724,
          -0.25662193174586834,
          0.9656091237956292,
          3.8755828941651447
        ],
        [
          0.0,
          0.0,
          0.0,
          1.0
        ]
      ]
    },
    {
      "file_path": "C:\\Users\\HP\\Desktop\\hzq\\hanglok-robotics\\calibration\\saved_07_21_17_03\\images\\63.png",
      "sharpness": 50,
      "transform_matrix": [
        [
          -0.9045986392909894,
          0.42416875212339283,
          0.042215773295939334,
          0.5527367685229667
        ],
        [
          -0.4180003691727634,
          -0.8632935437805683,
          -0.28284262167894936,
          -0.40542817114186785
        ],
        [
          -0.08352839735278031,
          -0.2735052595268901,
          0.9582368599917269,
          3.770281752691679
        ],
        [
          0.0,
          0.0,
          0.0,
          1.0
        ]
      ]
    },
    {
      "file_path": "C:\\Users\\HP\\Desktop\\hzq\\hanglok-robotics\\calibration\\saved_07_21_17_03\\images\\64.png",
      "sharpness": 50,
      "transform_matrix": [
        [
          -0.8929408480311588,
          0.44942694928842936,
          0.025924104047977514,
          0.4729815330563418
        ],
        [
          -0.4308280163861564,
          -0.8364486187835869,
          -0.3387343035947192,
          -0.5395051841236879
        ],
        [
          -0.1305521436597825,
          -0.3136385266326911,
          0.9405248600635234,
          3.623050692638835
        ],
        [
          0.0,
          0.0,
          0.0,
          1.0
        ]
      ]
    },
    {
      "file_path": "C:\\Users\\HP\\Desktop\\hzq\\hanglok-robotics\\calibration\\saved_07_21_17_03\\images\\65.png",
      "sharpness": 50,
      "transform_matrix": [
        [
          -0.8803184220915623,
          0.47437428707028617,
          0.002917446277042635,
          0.36332885991515057
        ],
        [
          -0.43873459316631674,
          -0.8118103962620495,
          -0.38532562499792417,
          -0.6464398339652353
        ],
        [
          -0.1804201554300635,
          -0.3404892307950606,
          0.9227760569212767,
          3.4853786909168254
        ],
        [
          0.0,
          0.0,
          0.0,
          1.0
        ]
      ]
    },
    {
      "file_path": "C:\\Users\\HP\\Desktop\\hzq\\hanglok-robotics\\calibration\\saved_07_21_17_03\\images\\66.png",
      "sharpness": 50,
      "transform_matrix": [
        [
          -0.865072609772158,
          0.5014494498656326,
          -0.014065171575280677,
          0.2704192121457115
        ],
        [
          -0.45189988205609605,
          -0.7911527399851813,
          -0.41214540954816853,
          -0.6792668940937081
        ],
        [
          -0.2177977879127199,
          -0.350179655667481,
          0.9110095127587474,
          3.3655511491819214
        ],
        [
          0.0,
          0.0,
          0.0,
          1.0
        ]
      ]
    },
    {
      "file_path": "C:\\Users\\HP\\Desktop\\hzq\\hanglok-robotics\\calibration\\saved_07_21_17_03\\images\\67.png",
      "sharpness": 50,
      "transform_matrix": [
        [
          -0.851463525814397,
          0.5237571285166736,
          -0.026236130348899118,
          0.19273726454189802
        ],
        [
          -0.45906080463598153,
          -0.7686059423331133,
          -0.4455424593203115,
          -0.7493092124551853
        ],
        [
          -0.25352128481585323,
          -0.3673191742043899,
          0.8948762944715454,
          3.240321382529395
        ],
        [
          0.0,
          0.0,
          0.0,
          1.0
        ]
      ]
    },
    {
      "file_path": "C:\\Users\\HP\\Desktop\\hzq\\hanglok-robotics\\calibration\\saved_07_21_17_03\\images\\72.png",
      "sharpness": 50,
      "transform_matrix": [
        [
          -0.7941090566923766,
          0.6034083841233376,
          -0.07272639169384477,
          -0.1951388193509935
        ],
        [
          -0.4658350689844698,
          -0.6811358748074081,
          -0.5648465354010601,
          -1.0429801153496598
        ],
        [
          -0.3903696896319925,
          -0.4146712457115992,
          0.82198495326655,
          2.6511496609054435
        ],
        [
          0.0,
          0.0,
          0.0,
          1.0
        ]
      ]
    },
    {
      "file_path": "C:\\Users\\HP\\Desktop\\hzq\\hanglok-robotics\\calibration\\saved_07_21_17_03\\images\\74.png",
      "sharpness": 50,
      "transform_matrix": [
        [
          -0.7949731127038057,
          0.6023819664279391,
          -0.07178939058406714,
          -0.19081794258832654
        ],
        [
          -0.4644054852081724,
          -0.6804393319705739,
          -0.5668596482516646,
          -1.0481765466169208
        ],
        [
          -0.39031435457408487,
          -0.41729879226981725,
          0.8206804631423655,
          2.6472804943365205
        ],
        [
          0.0,
          0.0,
          0.0,
          1.0
        ]
      ]
    },
    {
      "file_path": "C:\\Users\\HP\\Desktop\\hzq\\hanglok-robotics\\calibration\\saved_07_21_17_03\\images\\77.png",
      "sharpness": 50,
      "transform_matrix": [
        [
          -0.780904894299005,
          0.6220769490643082,
          -0.0566375803040856,
          0.019073097328989135
        ],
        [
          -0.4777300123247884,
          -0.6531899154387129,
          -0.5874665690005902,
          -1.2313403715271483
        ],
        [
          -0.40244450721064295,
          -0.43169804703288794,
          0.8072640304163027,
          2.7606198069194403
        ],
        [
          0.0,
          0.0,
          0.0,
          1.0
        ]
      ]
    },
    {
      "file_path": "C:\\Users\\HP\\Desktop\\hzq\\hanglok-robotics\\calibration\\saved_07_21_17_03\\images\\78.png",
      "sharpness": 50,
